
1.0
1.0, 1.4142135623730951
1.4142135623730951, 1.0, 1.0
2.2360679774997898, 1.4142135623730951, 2.0, 1.0
2.0, 2.2360679774997898, 1.0, 1.4142135623730951, 2.2360679774997898
2.2360679774997898, 2.0, 1.4142135623730951, 1.0, 1.4142135623730951, 1.0
3.1622776601683795, 3.6055512754639891, 2.2360679774997898, 2.8284271247461903, 3.6055512754639891, 1.4142135623730951, 2.2360679774997898
3.0, 3.1622776601683795, 2.0, 2.2360679774997898, 2.8284271247461903, 1.0, 1.4142135623730951, 1.0
3.1622776601683795, 3.0, 2.2360679774997898, 2.0, 2.2360679774997898, 1.4142135623730951, 1.0, 2.0, 1.0
4.0, 4.1231056256176606, 3.0, 3.1622776601683795, 3.6055512754639891, 2.0, 2.2360679774997898, 1.4142135623730951, 1.0, 1.4142135623730951
4.1231056256176606, 4.0, 3.1622776601683795, 3.0, 3.1622776601683795, 2.2360679774997898, 2.0, 2.2360679774997898, 1.4142135623730951, 1.0, 1.0
5.0, 5.0990195135927845, 4.0, 4.1231056256176606, 4.4721359549995796, 3.0, 3.1622776601683795, 2.2360679774997898, 2.0, 2.2360679774997898, 1.0, 1.4142135623730951
5.0990195135927845, 5.0, 4.1231056256176606, 4.0, 4.1231056256176606, 3.1622776601683795, 3.0, 2.8284271247461903, 2.2360679774997898, 2.0, 1.4142135623730951, 1.0, 1.0
6.0, 6.0827625302982193, 5.0, 5.0990195135927845, 5.3851648071345037, 4.0, 4.1231056256176606, 3.1622776601683795, 3.0, 3.1622776601683795, 2.0, 2.2360679774997898, 1.0, 1.4142135623730951
6.0827625302982193, 6.0, 5.0990195135927845, 5.0, 5.0990195135927845, 4.1231056256176606, 4.0, 3.6055512754639891, 3.1622776601683795, 3.0, 2.2360679774997898, 2.0, 1.4142135623730951, 1.0, 1.0
7.0, 7.0710678118654755, 6.0, 6.0827625302982193, 6.324555320336759, 5.0, 5.0990195135927845, 4.1231056256176606, 4.0, 4.1231056256176606, 3.0, 3.1622776601683795, 2.0, 2.2360679774997898, 1.0, 1.4142135623730951
7.0710678118654755, 7.0, 6.0827625302982193, 6.0, 6.0827625302982193, 5.0990195135927845, 5.0, 4.4721359549995796, 4.1231056256176606, 4.0, 3.1622776601683795, 3.0, 2.2360679774997898, 2.0, 1.4142135623730951, 1.0, 1.0
7.2801098892805181, 7.0710678118654755, 6.324555320336759, 6.0827625302982193, 6.0, 5.3851648071345037, 5.0990195135927845, 5.0, 4.4721359549995796, 4.1231056256176606, 3.6055512754639891, 3.1622776601683795, 2.8284271247461903, 2.2360679774997898, 2.2360679774997898, 1.4142135623730951, 2.0, 1.0
