0.500000 0.250000 2.518842 1.084664 0.010415 0.777700
0.500000 0.250000 2.533904 1.153904 0.010742 0.777300
0.500000 0.250000 2.586510 1.199426 0.010952 0.774200
0.500000 0.250000 2.572698 1.104432 0.010509 0.781100
0.500000 0.250000 2.500276 1.134402 0.010651 0.775800
0.500000 0.250000 2.520785 1.213416 0.011016 0.782000
0.500000 0.250000 2.450351 1.261309 0.011231 0.780000
0.500000 0.250000 2.522504 1.005763 0.010029 0.779600
0.500000 0.250000 2.466547 1.019645 0.010098 0.776000
0.500000 0.250000 2.424088 1.032803 0.010163 0.773100
0.500000 0.250000 2.520502 1.157558 0.010759 0.782200
