0.500000 0.250000 2.514235 1.169504 0.003420 0.779420
0.500000 0.270000 2.524194 1.165062 0.003413 0.778460
0.500000 0.290000 2.498545 1.103054 0.003321 0.779830
0.500000 0.310000 2.483952 1.063652 0.003261 0.781860
0.500000 0.330000 2.503617 1.138428 0.003374 0.779300
0.500000 0.350000 2.521498 1.202436 0.003468 0.778900
0.500000 0.370000 2.478702 1.076756 0.003281 0.780670
0.500000 0.390000 2.534975 1.181719 0.003438 0.777040
0.500000 0.410000 2.526705 1.121339 0.003349 0.777340
0.500000 0.430000 2.493524 1.103614 0.003322 0.777280
0.500000 0.450000 2.481795 1.128835 0.003360 0.779920
0.600000 0.250000 2.276128 0.586464 0.002422 0.758100
0.600000 0.270000 2.266801 0.574494 0.002397 0.759070
0.600000 0.290000 2.240168 0.550194 0.002346 0.761390
0.600000 0.310000 2.253972 0.566038 0.002379 0.760100
0.600000 0.330000 2.265206 0.557901 0.002362 0.758850
0.600000 0.350000 2.252234 0.548281 0.002342 0.761160
0.600000 0.370000 2.268027 0.567492 0.002382 0.760180
0.600000 0.390000 2.274255 0.579285 0.002407 0.760450
0.600000 0.410000 2.277801 0.596728 0.002443 0.758620
0.600000 0.430000 2.268843 0.563537 0.002374 0.758170
0.600000 0.450000 2.277904 0.583622 0.002416 0.757810
0.700000 0.250000 2.130102 0.262715 0.001621 0.741200
0.700000 0.270000 2.126598 0.259505 0.001611 0.740980
0.700000 0.290000 2.118807 0.248954 0.001578 0.741040
0.700000 0.310000 2.121968 0.250097 0.001581 0.737830
0.700000 0.330000 2.135393 0.267456 0.001635 0.738300
0.700000 0.350000 2.110708 0.236038 0.001536 0.741390
0.700000 0.370000 2.119791 0.256207 0.001601 0.740370
0.700000 0.390000 2.127033 0.253838 0.001593 0.739590
0.700000 0.410000 2.132330 0.263039 0.001622 0.739580
0.700000 0.430000 2.122768 0.264964 0.001628 0.741550
0.700000 0.450000 2.120334 0.263489 0.001623 0.743870
0.800000 0.250000 2.060614 0.109436 0.001046 0.721590
0.800000 0.270000 2.048728 0.104706 0.001023 0.726420
0.800000 0.290000 2.058854 0.102150 0.001011 0.721900
0.800000 0.310000 2.040587 0.098623 0.000993 0.722430
0.800000 0.330000 2.057689 0.104175 0.001021 0.721970
0.800000 0.350000 2.039341 0.095777 0.000979 0.725760
0.800000 0.370000 2.048752 0.101348 0.001007 0.725190
0.800000 0.390000 2.047259 0.096605 0.000983 0.723820
0.800000 0.410000 2.050129 0.102868 0.001014 0.722640
0.800000 0.430000 2.048907 0.102147 0.001011 0.724040
0.800000 0.450000 2.056056 0.104560 0.001023 0.724720
0.900000 0.250000 2.015473 0.022819 0.000478 0.708080
0.900000 0.270000 2.013224 0.022984 0.000479 0.706320
0.900000 0.290000 2.013167 0.022212 0.000471 0.706480
0.900000 0.310000 2.012680 0.022275 0.000472 0.706110
0.900000 0.330000 2.008191 0.021612 0.000465 0.708420
0.900000 0.350000 2.014614 0.023570 0.000485 0.707650
0.900000 0.370000 2.012104 0.022165 0.000471 0.707070
0.900000 0.390000 2.011863 0.021815 0.000467 0.709920
0.900000 0.410000 2.010157 0.021809 0.000467 0.707880
0.900000 0.430000 2.015546 0.023165 0.000481 0.708980
0.900000 0.450000 2.012488 0.022589 0.000475 0.709310
1.000000 0.250000 2.000000 0.000000 0.000000 0.691070
1.000000 0.270000 2.000000 0.000000 0.000000 0.695850
1.000000 0.290000 2.000000 0.000000 0.000000 0.693970
1.000000 0.310000 2.000000 0.000000 0.000000 0.694500
1.000000 0.330000 2.000000 0.000000 0.000000 0.690790
1.000000 0.350000 2.000000 0.000000 0.000000 0.694460
1.000000 0.370000 2.000000 0.000000 0.000000 0.692720
1.000000 0.390000 2.000000 0.000000 0.000000 0.694980
1.000000 0.410000 2.000000 0.000000 0.000000 0.692380
1.000000 0.430000 2.000000 0.000000 0.000000 0.690830
1.000000 0.450000 2.000000 0.000000 0.000000 0.689930
1.100000 0.250000 2.006921 0.018847 0.000434 0.679630
1.100000 0.270000 2.010542 0.017916 0.000423 0.676510
1.100000 0.290000 2.007450 0.019137 0.000437 0.681390
1.100000 0.310000 2.008653 0.018194 0.000427 0.677820
1.100000 0.330000 2.008361 0.018598 0.000431 0.675870
1.100000 0.350000 2.011281 0.018098 0.000425 0.680840
1.100000 0.370000 2.011388 0.018042 0.000425 0.679010
1.100000 0.390000 2.008773 0.017549 0.000419 0.677950
1.100000 0.410000 2.009738 0.018013 0.000424 0.678000
1.100000 0.430000 2.011142 0.017365 0.000417 0.680060
1.100000 0.450000 2.008828 0.018643 0.000432 0.679910
1.200000 0.250000 2.034789 0.066759 0.000817 0.665510
1.200000 0.270000 2.028543 0.069008 0.000831 0.664200
1.200000 0.290000 2.033885 0.065390 0.000809 0.665370
1.200000 0.310000 2.036280 0.066067 0.000813 0.664050
1.200000 0.330000 2.038457 0.064467 0.000803 0.665600
1.200000 0.350000 2.036212 0.063840 0.000799 0.664400
1.200000 0.370000 2.031693 0.068639 0.000828 0.662870
1.200000 0.390000 2.038067 0.065694 0.000811 0.667360
1.200000 0.410000 2.027361 0.070502 0.000840 0.664730
1.200000 0.430000 2.035999 0.066996 0.000819 0.668960
1.200000 0.450000 2.033719 0.067916 0.000824 0.669020
1.300000 0.250000 2.069386 0.136226 0.001167 0.654620
1.300000 0.270000 2.066567 0.141062 0.001188 0.652760
1.300000 0.290000 2.067826 0.142461 0.001194 0.655090
1.300000 0.310000 2.083598 0.131067 0.001145 0.654000
1.300000 0.330000 2.071297 0.138425 0.001177 0.653230
1.300000 0.350000 2.072715 0.141535 0.001190 0.654610
1.300000 0.370000 2.069914 0.143648 0.001199 0.653850
1.300000 0.390000 2.062290 0.145146 0.001205 0.653750
1.300000 0.410000 2.071088 0.148300 0.001218 0.652630
1.300000 0.430000 2.072902 0.141723 0.001190 0.652910
1.300000 0.450000 2.068311 0.138262 0.001176 0.653300
1.400000 0.250000 2.120549 0.233728 0.001529 0.641950
1.400000 0.270000 2.117534 0.237279 0.001540 0.640990
1.400000 0.290000 2.123419 0.222331 0.001491 0.643520
1.400000 0.310000 2.115457 0.239407 0.001547 0.639910
1.400000 0.330000 2.109130 0.233091 0.001527 0.640330
1.400000 0.350000 2.115810 0.231811 0.001523 0.641360
1.400000 0.370000 2.109428 0.237299 0.001540 0.641480
1.400000 0.390000 2.108437 0.241937 0.001555 0.642460
1.400000 0.410000 2.120261 0.235303 0.001534 0.641110
1.400000 0.430000 2.121909 0.228684 0.001512 0.641170
1.400000 0.450000 2.108349 0.242885 0.001558 0.640670
1.500000 0.250000 2.174192 0.343603 0.001854 0.629890
1.500000 0.270000 2.164762 0.340985 0.001847 0.630230
1.500000 0.290000 2.167370 0.349833 0.001870 0.629310
1.500000 0.310000 2.172223 0.337662 0.001838 0.630400
1.500000 0.330000 2.160814 0.344832 0.001857 0.627660
1.500000 0.350000 2.161374 0.347478 0.001864 0.627470
1.500000 0.370000 2.157162 0.370349 0.001924 0.628660
1.500000 0.390000 2.159037 0.352259 0.001877 0.631320
1.500000 0.410000 2.165429 0.341483 0.001848 0.628170
1.500000 0.430000 2.179163 0.342767 0.001851 0.626950
1.500000 0.450000 2.172270 0.332722 0.001824 0.628100
