0.900000 0.320000 3.026412 0.335704 0.001832 0.725720
0.900000 0.330000 3.025621 0.345674 0.001859 0.728640
0.900000 0.340000 3.026622 0.299751 0.001731 0.726500
0.900000 0.350000 3.022636 0.325202 0.001803 0.723200
0.900000 0.360000 3.027047 0.285507 0.001690 0.727200
0.900000 0.370000 3.034995 0.518912 0.002278 0.729510
0.900000 0.380000 3.036298 0.836712 0.002893 0.725430
0.900000 0.390000 3.036207 0.628102 0.002506 0.724750
0.900000 0.400000 3.034509 0.539346 0.002322 0.722770
0.900000 0.410000 3.029299 0.344063 0.001855 0.724840
0.900000 0.420000 3.048920 1.411483 0.003757 0.724710
0.910000 0.320000 3.024936 0.400472 0.002001 0.727710
0.910000 0.330000 3.025456 0.241707 0.001555 0.723380
0.910000 0.340000 3.030593 4.982157 0.007058 0.719910
0.910000 0.350000 3.026465 0.293531 0.001713 0.725950
0.910000 0.360000 3.031488 0.475828 0.002181 0.724420
0.910000 0.370000 3.029586 0.467766 0.002163 0.726510
0.910000 0.380000 3.028785 0.535815 0.002315 0.720730
0.910000 0.390000 3.029969 0.380642 0.001951 0.719330
0.910000 0.400000 3.029173 0.360231 0.001898 0.723180
0.910000 0.410000 3.040243 0.724687 0.002692 0.721010
0.910000 0.420000 3.039168 0.519231 0.002279 0.722540
0.920000 0.320000 3.018443 0.233733 0.001529 0.721770
0.920000 0.330000 3.025948 0.580693 0.002410 0.721180
0.920000 0.340000 3.024286 0.340360 0.001845 0.721850
0.920000 0.350000 3.035804 0.647273 0.002544 0.722780
0.920000 0.360000 3.031348 0.510486 0.002259 0.720010
0.920000 0.370000 3.040310 0.618768 0.002488 0.722050
0.920000 0.380000 3.038906 0.545204 0.002335 0.719640
0.920000 0.390000 3.036833 0.345500 0.001859 0.719650
0.920000 0.400000 3.032631 0.349840 0.001870 0.721510
0.920000 0.410000 3.041037 0.868223 0.002947 0.722360
0.920000 0.420000 3.040833 0.729446 0.002701 0.718930
0.930000 0.320000 3.023769 0.352091 0.001876 0.722680
0.930000 0.330000 3.024613 0.486910 0.002207 0.720360
0.930000 0.340000 3.029525 0.644124 0.002538 0.724750
0.930000 0.350000 3.032921 0.359636 0.001896 0.720740
0.930000 0.360000 3.032689 0.631532 0.002513 0.721660
0.930000 0.370000 3.032328 0.408502 0.002021 0.722630
0.930000 0.380000 3.032173 0.614298 0.002479 0.719010
0.930000 0.390000 3.032456 0.362487 0.001904 0.721840
0.930000 0.400000 3.044356 5.067238 0.007118 0.716490
0.930000 0.410000 3.034297 0.846017 0.002909 0.720340
0.930000 0.420000 3.033214 0.398966 0.001997 0.718610
0.940000 0.320000 3.032984 0.348672 0.001867 0.722110
0.940000 0.330000 3.027221 0.329719 0.001816 0.720590
0.940000 0.340000 3.029113 0.308833 0.001757 0.720590
0.940000 0.350000 3.041109 1.767924 0.004205 0.721090
0.940000 0.360000 3.036447 0.433923 0.002083 0.720460
0.940000 0.370000 3.031342 0.351581 0.001875 0.718600
0.940000 0.380000 3.033982 0.601220 0.002452 0.719140
0.940000 0.390000 3.047718 1.248033 0.003533 0.719400
0.940000 0.400000 3.033870 0.429597 0.002073 0.721720
0.940000 0.410000 3.033466 0.720650 0.002684 0.721190
0.940000 0.420000 3.038150 0.468318 0.002164 0.719750
0.950000 0.320000 3.026271 0.281487 0.001678 0.719470
0.950000 0.330000 3.059898 49.824063 0.022321 0.720720
0.950000 0.340000 3.033616 0.337357 0.001837 0.719400
0.950000 0.350000 3.032422 0.398028 0.001995 0.717010
0.950000 0.360000 3.031484 0.323649 0.001799 0.717180
0.950000 0.370000 3.031588 0.694208 0.002635 0.717360
0.950000 0.380000 3.039574 0.535862 0.002315 0.718980
0.950000 0.390000 3.038687 0.602041 0.002454 0.715710
0.950000 0.400000 3.041265 0.567993 0.002383 0.718320
0.950000 0.410000 3.039432 0.315939 0.001777 0.714980
0.950000 0.420000 3.044389 0.568623 0.002385 0.718370
0.960000 0.320000 3.024057 0.361188 0.001900 0.716790
0.960000 0.330000 3.041116 0.514081 0.002267 0.720110
0.960000 0.340000 3.034945 0.901539 0.003003 0.719590
0.960000 0.350000 3.035100 0.397774 0.001994 0.713920
0.960000 0.360000 3.036396 0.376302 0.001940 0.716660
0.960000 0.370000 3.044633 0.342346 0.001850 0.716280
0.960000 0.380000 3.037148 0.394968 0.001987 0.718410
0.960000 0.390000 3.036686 0.341637 0.001848 0.717020
0.960000 0.400000 3.039421 0.352847 0.001878 0.714610
0.960000 0.410000 3.044478 0.411681 0.002029 0.713390
0.960000 0.420000 3.050536 0.699506 0.002645 0.717130
0.970000 0.320000 3.031143 0.393131 0.001983 0.717260
0.970000 0.330000 3.036698 1.350602 0.003675 0.715370
0.970000 0.340000 3.033366 0.412409 0.002031 0.715090
0.970000 0.350000 3.045072 1.582328 0.003978 0.717440
0.970000 0.360000 3.039438 0.452696 0.002128 0.715850
0.970000 0.370000 3.040684 1.401954 0.003744 0.714960
0.970000 0.380000 3.041180 0.598534 0.002446 0.714710
0.970000 0.390000 3.039832 0.306636 0.001751 0.712750
0.970000 0.400000 3.045009 0.786348 0.002804 0.713660
0.970000 0.410000 3.045354 0.741033 0.002722 0.716000
0.970000 0.420000 3.049897 1.137961 0.003373 0.714010
0.980000 0.320000 3.033739 0.524425 0.002290 0.713880
0.980000 0.330000 3.037825 0.454294 0.002131 0.715130
0.980000 0.340000 3.053046 3.200580 0.005657 0.715130
0.980000 0.350000 3.034579 0.345446 0.001859 0.717120
0.980000 0.360000 3.039674 0.394541 0.001986 0.712890
0.980000 0.370000 3.054882 2.265517 0.004760 0.714500
0.980000 0.380000 3.051823 1.301083 0.003607 0.713340
0.980000 0.390000 3.046619 0.539790 0.002323 0.713580
0.980000 0.400000 3.048539 0.779015 0.002791 0.712360
0.980000 0.410000 3.047294 0.507245 0.002252 0.713780
0.980000 0.420000 3.050315 0.452361 0.002127 0.712760
0.990000 0.320000 3.042998 0.586232 0.002421 0.715990
0.990000 0.330000 3.038455 0.389941 0.001975 0.713450
0.990000 0.340000 3.044229 0.399503 0.001999 0.712470
0.990000 0.350000 3.047979 0.447748 0.002116 0.713480
0.990000 0.360000 3.048889 0.491863 0.002218 0.714000
0.990000 0.370000 3.046722 0.450505 0.002123 0.713180
0.990000 0.380000 3.050053 0.417559 0.002043 0.714020
0.990000 0.390000 3.040091 0.420012 0.002049 0.711050
0.990000 0.400000 3.047491 0.450942 0.002124 0.713020
0.990000 0.410000 3.058742 0.652216 0.002554 0.710710
0.990000 0.420000 3.058007 0.642651 0.002535 0.713410
1.000000 0.320000 3.032021 0.437821 0.002092 0.709950
1.000000 0.330000 3.039508 0.568048 0.002383 0.710900
1.000000 0.340000 3.042877 0.411801 0.002029 0.713070
1.000000 0.350000 3.045825 0.920029 0.003033 0.712020
1.000000 0.360000 3.050905 0.463346 0.002153 0.711270
1.000000 0.370000 3.057996 1.405711 0.003749 0.714330
1.000000 0.380000 3.055149 4.650642 0.006820 0.710930
1.000000 0.390000 3.048715 0.450225 0.002122 0.710680
1.000000 0.400000 3.056721 0.571344 0.002390 0.711340
1.000000 0.410000 3.051692 0.515173 0.002270 0.710070
1.000000 0.420000 3.063525 0.667364 0.002583 0.714030
