0.900000 0.300000 2.109390 0.354947 0.005958 0.728400
0.900000 0.350000 2.089314 0.513000 0.007162 0.729200
0.900000 0.400000 2.081022 0.367647 0.006063 0.735100
0.900000 0.450000 2.083513 0.442074 0.006649 0.727700
1.000000 0.300000 2.069841 0.429347 0.006552 0.713500
1.000000 0.350000 2.059072 0.265366 0.005151 0.705700
1.000000 0.400000 2.052216 2.243495 0.014978 0.709500
1.000000 0.450000 2.059964 0.270125 0.005197 0.698500
1.100000 0.300000 2.055704 0.326449 0.005714 0.690200
1.100000 0.350000 2.050324 0.716288 0.008463 0.703400
1.100000 0.400000 2.049603 0.237058 0.004869 0.689400
1.100000 0.450000 2.034397 1.427858 0.011949 0.699700
