0.500000 0.250000 3.514511 2.187426 0.004677 0.795820
0.500000 0.270000 3.503690 1.300625 0.003606 0.795720
0.500000 0.290000 3.472348 1.256258 0.003544 0.794030
0.500000 0.310000 3.473761 1.465816 0.003829 0.795670
0.500000 0.330000 3.462578 1.314996 0.003626 0.794070
0.500000 0.350000 3.452367 1.232180 0.003510 0.791530
0.500000 0.370000 3.457223 1.266284 0.003558 0.791690
0.500000 0.390000 3.455318 1.273502 0.003569 0.792880
0.500000 0.410000 3.418770 1.099689 0.003316 0.793740
0.500000 0.430000 3.421139 1.201060 0.003466 0.790630
0.500000 0.450000 3.454860 1.213973 0.003484 0.788890
0.600000 0.250000 3.258325 0.768629 0.002772 0.775220
0.600000 0.270000 3.256432 0.711299 0.002667 0.775200
0.600000 0.290000 3.249291 0.711828 0.002668 0.774910
0.600000 0.310000 3.242444 0.708931 0.002663 0.774690
0.600000 0.330000 3.215543 0.630505 0.002511 0.772260
0.600000 0.350000 3.226418 0.617315 0.002485 0.771860
0.600000 0.370000 3.231664 0.706654 0.002658 0.772150
0.600000 0.390000 3.217205 0.734324 0.002710 0.772800
0.600000 0.410000 3.201062 0.813409 0.002852 0.772160
0.600000 0.430000 3.203278 1.005695 0.003171 0.771750
0.600000 0.450000 3.200780 0.753018 0.002744 0.772000
0.700000 0.250000 3.109199 0.437203 0.002091 0.758860
0.700000 0.270000 3.116467 0.415260 0.002038 0.758840
0.700000 0.290000 3.114613 0.517187 0.002274 0.758040
0.700000 0.310000 3.112621 0.794610 0.002819 0.756830
0.700000 0.330000 3.091516 0.586006 0.002421 0.758800
0.700000 0.350000 3.095446 0.409150 0.002023 0.757900
0.700000 0.370000 3.096442 0.468180 0.002164 0.756490
0.700000 0.390000 3.102467 0.543969 0.002332 0.756570
0.700000 0.410000 3.091219 0.470864 0.002170 0.754810
0.700000 0.430000 3.093046 0.386751 0.001967 0.756800
0.700000 0.450000 3.093204 0.588120 0.002425 0.758050
0.800000 0.250000 3.034879 0.268477 0.001639 0.745140
0.800000 0.270000 3.048528 0.310185 0.001761 0.742080
0.800000 0.290000 3.037939 0.391066 0.001978 0.746110
0.800000 0.310000 3.038756 0.272953 0.001652 0.742430
0.800000 0.330000 3.045492 0.451294 0.002124 0.741740
0.800000 0.350000 3.038324 0.479205 0.002189 0.741230
0.800000 0.370000 3.043736 1.628530 0.004036 0.742600
0.800000 0.390000 3.039809 0.381201 0.001952 0.740110
0.800000 0.410000 3.039878 0.444262 0.002108 0.740960
0.800000 0.430000 3.048160 0.870407 0.002950 0.735880
0.800000 0.450000 3.055191 0.424714 0.002061 0.737930
0.900000 0.250000 3.016344 0.354560 0.001883 0.727200
0.900000 0.270000 3.016228 0.369016 0.001921 0.730840
0.900000 0.290000 3.019998 0.297386 0.001724 0.726550
0.900000 0.310000 3.026809 0.453808 0.002130 0.727150
0.900000 0.330000 3.025549 0.394644 0.001987 0.726000
0.900000 0.350000 3.026534 0.704354 0.002654 0.725470
0.900000 0.370000 3.030802 0.388934 0.001972 0.725750
0.900000 0.390000 3.039725 0.600330 0.002450 0.726460
0.900000 0.410000 3.039204 0.403601 0.002009 0.728050
0.900000 0.430000 3.036881 0.483489 0.002199 0.724370
0.900000 0.450000 3.039936 0.450067 0.002121 0.721690
1.000000 0.250000 3.036226 0.377774 0.001944 0.715690
1.000000 0.270000 3.032372 0.299861 0.001732 0.714480
1.000000 0.290000 3.028780 0.672949 0.002594 0.710000
1.000000 0.310000 3.040606 0.564940 0.002377 0.710950
1.000000 0.330000 3.044515 0.529552 0.002301 0.714390
1.000000 0.350000 3.045384 0.395186 0.001988 0.713050
1.000000 0.370000 3.048036 0.404369 0.002011 0.711890
1.000000 0.390000 3.049095 0.937497 0.003062 0.710610
1.000000 0.410000 3.053836 0.507335 0.002252 0.710100
1.000000 0.430000 3.067317 3.232807 0.005686 0.711200
1.000000 0.450000 3.065104 0.666576 0.002582 0.706950
1.100000 0.250000 3.062906 0.550870 0.002347 0.702740
1.100000 0.270000 3.063987 0.381068 0.001952 0.700310
1.100000 0.290000 3.074307 0.655609 0.002560 0.702570
1.100000 0.310000 3.076936 0.993966 0.003153 0.702500
1.100000 0.330000 3.086855 6.049272 0.007778 0.696860
1.100000 0.350000 3.084609 0.665959 0.002581 0.700390
1.100000 0.370000 3.080166 0.627523 0.002505 0.695890
1.100000 0.390000 3.095259 0.556255 0.002359 0.699400
1.100000 0.410000 3.095329 0.630527 0.002511 0.697580
1.100000 0.430000 3.100408 0.650172 0.002550 0.696180
1.100000 0.450000 3.097509 0.653192 0.002556 0.696110
1.200000 0.250000 3.112700 0.710331 0.002665 0.689860
1.200000 0.270000 3.104813 0.582835 0.002414 0.687460
1.200000 0.290000 3.122434 0.778190 0.002790 0.689000
1.200000 0.310000 3.125696 1.210363 0.003479 0.685900
1.200000 0.330000 3.150916 1.209540 0.003478 0.685840
1.200000 0.350000 3.144344 0.832524 0.002885 0.684870
1.200000 0.370000 3.149850 1.161270 0.003408 0.684310
1.200000 0.390000 3.139903 0.838374 0.002895 0.682240
1.200000 0.410000 3.151954 1.062570 0.003260 0.684310
1.200000 0.430000 3.160371 1.905519 0.004365 0.679440
1.200000 0.450000 3.158546 0.886355 0.002977 0.682420
1.300000 0.250000 3.171803 2.162671 0.004650 0.675450
1.300000 0.270000 3.178649 0.700967 0.002648 0.678670
1.300000 0.290000 3.175644 0.949352 0.003081 0.675640
1.300000 0.310000 3.183871 0.848828 0.002913 0.678210
1.300000 0.330000 3.189497 0.946897 0.003077 0.675170
1.300000 0.350000 3.210576 1.054863 0.003248 0.672740
1.300000 0.370000 3.194303 1.032241 0.003213 0.672510
1.300000 0.390000 3.206374 1.001854 0.003165 0.671930
1.300000 0.410000 3.223670 1.243976 0.003527 0.670760
1.300000 0.430000 3.223252 1.234412 0.003513 0.669290
1.300000 0.450000 3.204471 1.374805 0.003708 0.671260
1.400000 0.250000 3.236670 3.416616 0.005845 0.665440
1.400000 0.270000 3.259486 1.102608 0.003321 0.665960
1.400000 0.290000 3.248279 1.087201 0.003297 0.663790
1.400000 0.310000 3.262275 1.112927 0.003336 0.665440
1.400000 0.330000 3.256735 1.232199 0.003510 0.662200
1.400000 0.350000 3.268560 1.299910 0.003605 0.663460
1.400000 0.370000 3.266702 1.343082 0.003665 0.661440
1.400000 0.390000 3.291427 1.292977 0.003596 0.661260
1.400000 0.410000 3.289955 1.267864 0.003561 0.661180
1.400000 0.430000 3.302598 1.289644 0.003591 0.658290
1.400000 0.450000 3.307516 1.255152 0.003543 0.661830
1.500000 0.250000 3.323593 1.409604 0.003754 0.652730
1.500000 0.270000 3.340702 1.096187 0.003311 0.657050
1.500000 0.290000 3.332362 1.500413 0.003874 0.652590
1.500000 0.310000 3.336170 1.385012 0.003722 0.653690
1.500000 0.330000 3.350904 1.851918 0.004303 0.649440
1.500000 0.350000 3.395239 1.784119 0.004224 0.651900
1.500000 0.370000 3.357428 1.920140 0.004382 0.650510
1.500000 0.390000 3.372510 1.562551 0.003953 0.648200
1.500000 0.410000 3.387373 1.366828 0.003697 0.648860
1.500000 0.430000 3.389126 1.464429 0.003827 0.650100
1.500000 0.450000 3.383854 1.396776 0.003737 0.650710
