0.950000 0.350000 3.006396 0.012461 0.001116 0.719200
0.950000 0.360000 3.002498 0.010624 0.001031 0.718300
0.950000 0.370000 3.003924 0.008862 0.000941 0.732300
0.950000 0.380000 3.002686 0.007588 0.000871 0.723500
0.950000 0.390000 3.002231 0.006005 0.000775 0.718300
0.950000 0.400000 3.002271 0.005133 0.000716 0.724400
0.950000 0.410000 3.000383 0.004445 0.000667 0.729200
0.950000 0.420000 3.000095 0.003501 0.000592 0.714600
0.950000 0.430000 3.001426 0.003121 0.000559 0.721500
0.950000 0.440000 3.000238 0.003072 0.000554 0.723100
0.950000 0.450000 3.000182 0.002244 0.000474 0.730700
0.960000 0.350000 3.002639 0.009875 0.000994 0.728700
0.960000 0.360000 3.001374 0.008257 0.000909 0.725300
0.960000 0.370000 3.001817 0.006548 0.000809 0.725900
0.960000 0.380000 3.002684 0.005656 0.000752 0.717800
0.960000 0.390000 3.002904 0.003719 0.000610 0.727700
0.960000 0.400000 3.001396 0.003717 0.000610 0.723200
0.960000 0.410000 3.001128 0.003070 0.000554 0.724200
0.960000 0.420000 2.999843 0.002715 0.000521 0.721500
0.960000 0.430000 3.000994 0.002279 0.000477 0.710700
0.960000 0.440000 3.001075 0.002268 0.000476 0.721100
0.960000 0.450000 3.001202 0.002033 0.000451 0.718800
0.970000 0.350000 3.003616 0.008045 0.000897 0.719200
0.970000 0.360000 3.002221 0.006892 0.000830 0.721400
0.970000 0.370000 3.001327 0.005640 0.000751 0.718900
0.970000 0.380000 3.001167 0.022329 0.001494 0.722900
0.970000 0.390000 3.001033 0.003236 0.000569 0.723600
0.970000 0.400000 3.000682 0.002375 0.000487 0.721900
0.970000 0.410000 3.000889 0.002004 0.000448 0.721100
0.970000 0.420000 3.001425 0.001674 0.000409 0.715400
0.970000 0.430000 3.000542 0.001686 0.000411 0.724300
0.970000 0.440000 3.001409 0.001681 0.000410 0.716400
0.970000 0.450000 3.000870 0.002047 0.000452 0.727400
0.980000 0.350000 3.001965 0.005967 0.000772 0.721900
0.980000 0.360000 3.001780 0.005628 0.000750 0.714100
0.980000 0.370000 3.001032 0.004030 0.000635 0.724000
0.980000 0.380000 3.000583 0.003219 0.000567 0.725800
0.980000 0.390000 3.001364 0.002404 0.000490 0.718100
0.980000 0.400000 3.000297 0.002178 0.000467 0.709000
0.980000 0.410000 2.999654 0.001680 0.000410 0.727800
0.980000 0.420000 3.000295 0.001519 0.000390 0.717000
0.980000 0.430000 3.000847 0.001622 0.000403 0.721100
0.980000 0.440000 3.001069 0.001881 0.000434 0.718600
0.980000 0.450000 3.001892 0.002269 0.000476 0.708900
0.990000 0.350000 3.002156 0.005518 0.000743 0.710800
0.990000 0.360000 3.001431 0.004661 0.000683 0.713800
0.990000 0.370000 3.000521 0.003742 0.000612 0.717700
0.990000 0.380000 3.000776 0.002670 0.000517 0.718100
0.990000 0.390000 2.999910 0.002145 0.000463 0.712200
0.990000 0.400000 3.000501 0.001873 0.000433 0.724100
0.990000 0.410000 2.999960 0.001518 0.000390 0.711000
0.990000 0.420000 3.000832 0.001721 0.000415 0.711300
0.990000 0.430000 3.000832 0.001980 0.000445 0.725200
0.990000 0.440000 3.000674 0.002642 0.000514 0.716700
0.990000 0.450000 3.002239 0.002653 0.000515 0.723600
1.000000 0.350000 3.000462 0.004954 0.000704 0.718700
1.000000 0.360000 3.000158 0.004418 0.000665 0.717700
1.000000 0.370000 3.000254 0.002899 0.000538 0.712200
1.000000 0.380000 3.000208 0.002405 0.000490 0.718300
1.000000 0.390000 3.000013 0.002051 0.000453 0.709800
1.000000 0.400000 3.000388 0.002271 0.000477 0.718200
1.000000 0.410000 3.000833 0.002186 0.000468 0.715700
1.000000 0.420000 3.000721 0.002651 0.000515 0.718200
1.000000 0.430000 3.001572 0.003003 0.000548 0.715600
1.000000 0.440000 3.001850 0.003130 0.000559 0.715000
1.000000 0.450000 3.002957 0.005183 0.000720 0.709500
1.010000 0.350000 3.001137 0.004734 0.000688 0.715900
1.010000 0.360000 2.999993 0.004214 0.000649 0.710200
1.010000 0.370000 3.000897 0.003159 0.000562 0.716500
1.010000 0.380000 3.000346 0.003318 0.000576 0.712900
1.010000 0.390000 3.000313 0.003137 0.000560 0.715400
1.010000 0.400000 3.000721 0.002722 0.000522 0.708300
1.010000 0.410000 2.999580 0.003195 0.000565 0.709600
1.010000 0.420000 3.000561 0.003652 0.000604 0.707600
1.010000 0.430000 3.001314 0.004551 0.000675 0.712800
1.010000 0.440000 3.000829 0.005322 0.000730 0.717100
1.010000 0.450000 3.003398 0.005900 0.000768 0.712600
1.020000 0.350000 3.001804 0.004663 0.000683 0.713400
1.020000 0.360000 3.000776 0.004572 0.000676 0.711300
1.020000 0.370000 3.000651 0.003839 0.000620 0.716300
1.020000 0.380000 3.001367 0.003640 0.000603 0.720200
1.020000 0.390000 2.999514 0.004308 0.000656 0.714200
1.020000 0.400000 3.001559 0.003971 0.000630 0.711700
1.020000 0.410000 3.001665 0.004922 0.000702 0.709000
1.020000 0.420000 3.001894 0.005864 0.000766 0.710000
1.020000 0.430000 3.002834 0.006030 0.000777 0.709200
1.020000 0.440000 3.002022 0.009012 0.000949 0.709300
1.020000 0.450000 3.003835 0.008255 0.000909 0.717900
1.030000 0.350000 3.002059 0.005047 0.000710 0.708800
1.030000 0.360000 3.000498 0.005268 0.000726 0.712000
1.030000 0.370000 3.001618 0.004960 0.000704 0.712600
1.030000 0.380000 3.001317 0.005763 0.000759 0.716600
1.030000 0.390000 3.001550 0.005673 0.000753 0.714200
1.030000 0.400000 3.001839 0.005825 0.000763 0.715800
1.030000 0.410000 3.003294 0.006407 0.000800 0.713400
1.030000 0.420000 3.001995 0.006974 0.000835 0.715500
1.030000 0.430000 3.004177 0.008266 0.000909 0.715900
1.030000 0.440000 3.004581 0.009416 0.000970 0.715100
1.030000 0.450000 3.003620 0.011803 0.001086 0.708500
1.040000 0.350000 3.003528 0.006773 0.000823 0.713600
1.040000 0.360000 3.002301 0.006775 0.000823 0.715200
1.040000 0.370000 3.002521 0.006554 0.000810 0.718900
1.040000 0.380000 3.003153 0.006708 0.000819 0.713000
1.040000 0.390000 3.004378 0.007651 0.000875 0.715300
1.040000 0.400000 3.001863 0.008470 0.000920 0.707100
1.040000 0.410000 3.004784 0.008077 0.000899 0.710300
1.040000 0.420000 3.007323 0.010197 0.001010 0.712800
1.040000 0.430000 3.005946 0.008756 0.000936 0.717800
1.040000 0.440000 3.002977 0.012383 0.001113 0.709300
1.040000 0.450000 3.007425 0.014100 0.001187 0.714800
1.050000 0.350000 3.003208 0.009546 0.000977 0.716700
1.050000 0.360000 3.003163 0.008562 0.000925 0.719300
1.050000 0.370000 3.005973 0.007963 0.000892 0.710900
1.050000 0.380000 3.003141 0.010528 0.001026 0.704800
1.050000 0.390000 3.003030 0.010580 0.001029 0.722700
1.050000 0.400000 3.004814 0.010986 0.001048 0.713700
1.050000 0.410000 3.003774 0.010869 0.001043 0.708800
1.050000 0.420000 3.006740 0.011383 0.001067 0.700100
1.050000 0.430000 3.008673 0.015409 0.001241 0.704700
1.050000 0.440000 3.005386 0.014700 0.001212 0.713300
1.050000 0.450000 3.006987 0.015245 0.001235 0.712700
