     0.50000000     0.10000000      2.5416894      1.1734720   0.0076598693
     0.50000000     0.15000000      2.5767577      1.2779969   0.0079937379
     0.50000000     0.20000000      2.5076473      1.1594772   0.0076140567
     0.50000000     0.25000000      2.4700638      1.1403631   0.0075510368
     0.50000000     0.30000000      2.4657667      1.0526303   0.0072547581
     0.50000000     0.35000000      2.5364945      1.0961596   0.0074032410
     0.50000000     0.40000000      2.5658593      1.2707133   0.0079709261
     0.50000000     0.45000000      2.5247543      1.0761704   0.0073354292
     0.50000000     0.50000000      2.5415246      1.0304672   0.0071779774
     0.60000000     0.10000000      2.2243528     0.51411385   0.0050700782
     0.60000000     0.15000000      2.2985370     0.59017481   0.0054321948
     0.60000000     0.20000000      2.2333194     0.56910039   0.0053343246
     0.60000000     0.25000000      2.2805950     0.59735622   0.0054651451
     0.60000000     0.30000000      2.2701138     0.56986212   0.0053378934
     0.60000000     0.35000000      2.2822106     0.51320426   0.0050655911
     0.60000000     0.40000000      2.2485805     0.56221076   0.0053019372
     0.60000000     0.45000000      2.2571560     0.55097134   0.0052486729
     0.60000000     0.50000000      2.2740536     0.54354976   0.0052132032
     0.70000000     0.10000000      2.1345932     0.28042719   0.0037445106
     0.70000000     0.15000000      2.1819205     0.31856332   0.0039910106
     0.70000000     0.20000000      2.1862596     0.31180059   0.0039484211
     0.70000000     0.25000000      2.1062261     0.23925799   0.0034587425
     0.70000000     0.30000000      2.1054020     0.24568245   0.0035048713
     0.70000000     0.35000000      2.1409626     0.28947565   0.0038044425
     0.70000000     0.40000000      2.1188356     0.26732101   0.0036559609
     0.70000000     0.45000000      2.0960383     0.23414168   0.0034215616
     0.70000000     0.50000000      2.1047185     0.24477186   0.0034983701
     0.80000000     0.10000000      2.0467251     0.10335735   0.0022732944
     0.80000000     0.15000000      2.0347153    0.094647434   0.0021754015
     0.80000000     0.20000000      2.0529783     0.10167831   0.0022547540
     0.80000000     0.25000000      2.0632281     0.10706260   0.0023136832
     0.80000000     0.30000000      2.0354573    0.093154876   0.0021581807
     0.80000000     0.35000000      2.0462246    0.096851544   0.0022005856
     0.80000000     0.40000000      2.0613847     0.10653320   0.0023079559
     0.80000000     0.45000000      2.0637458     0.10704809   0.0023135264
     0.80000000     0.50000000      2.0559451     0.10199924   0.0022583095
     0.90000000     0.10000000      2.0126059    0.022346673   0.0010570400
     0.90000000     0.15000000      2.0154074    0.024351513   0.0011034381
     0.90000000     0.20000000      2.0126520    0.021936775   0.0010473007
     0.90000000     0.25000000      2.0116760    0.020855269   0.0010211579
     0.90000000     0.30000000      2.0143318    0.023557133   0.0010852910
     0.90000000     0.35000000      2.0034615    0.020442056   0.0010109910
     0.90000000     0.40000000      2.0099233    0.021611519   0.0010395076
     0.90000000     0.45000000      2.0149308    0.022297400   0.0010558740
     0.90000000     0.50000000      2.0041270    0.019812938  0.00099531245
      1.0000000     0.10000000      2.0000000      0.0000000      0.0000000
      1.0000000     0.15000000      2.0000000      0.0000000      0.0000000
      1.0000000     0.20000000      2.0000000      0.0000000      0.0000000
      1.0000000     0.25000000      2.0000000      0.0000000      0.0000000
      1.0000000     0.30000000      2.0000000      0.0000000      0.0000000
      1.0000000     0.35000000      2.0000000      0.0000000      0.0000000
      1.0000000     0.40000000      2.0000000      0.0000000      0.0000000
      1.0000000     0.45000000      2.0000000      0.0000000      0.0000000
      1.0000000     0.50000000      2.0000000      0.0000000      0.0000000
      1.1000000     0.10000000      2.0152316    0.017248476  0.00092866775
      1.1000000     0.15000000      2.0134319    0.016541603  0.00090943947
      1.1000000     0.20000000      2.0138947    0.017903175  0.00094612830
      1.1000000     0.25000000      2.0076496    0.019157967  0.00097872282
      1.1000000     0.30000000      2.0043435    0.019157785  0.00097871816
      1.1000000     0.35000000      2.0101209    0.017050085  0.00092331156
      1.1000000     0.40000000      2.0212934    0.016165700  0.00089904672
      1.1000000     0.45000000      2.0091966    0.018556304  0.00096323165
      1.1000000     0.50000000      2.0087869    0.017964375  0.00094774403
      1.2000000     0.10000000      2.0230987    0.074086726   0.0019246652
      1.2000000     0.15000000      2.0331724    0.065926238   0.0018155748
      1.2000000     0.20000000      2.0304706    0.070191967   0.0018733922
      1.2000000     0.25000000      2.0374105    0.067697519   0.0018398032
      1.2000000     0.30000000      2.0278159    0.069751084   0.0018674995
      1.2000000     0.35000000      2.0336101    0.068957074   0.0018568397
      1.2000000     0.40000000      2.0318619    0.068282493   0.0018477350
      1.2000000     0.45000000      2.0328966    0.070066977   0.0018717235
      1.2000000     0.50000000      2.0379077    0.066173429   0.0018189754
      1.3000000     0.10000000      2.0602380     0.14746432   0.0027153666
      1.3000000     0.15000000      2.0757539     0.13636625   0.0026111898
      1.3000000     0.20000000      2.0723282     0.14153712   0.0026602361
      1.3000000     0.25000000      2.0805383     0.12956599   0.0025452504
      1.3000000     0.30000000      2.0664681     0.14074894   0.0026528187
      1.3000000     0.35000000      2.0639486     0.13846224   0.0026311807
      1.3000000     0.40000000      2.0874113     0.12995062   0.0025490255
      1.3000000     0.45000000      2.0787195     0.14142504   0.0026591826
      1.3000000     0.50000000      2.0919647     0.12130277   0.0024627502
      1.4000000     0.10000000      2.1100823     0.24024086   0.0034658394
      1.4000000     0.15000000      2.0831266     0.26204273   0.0036196873
      1.4000000     0.20000000      2.1349732     0.22201343   0.0033317670
      1.4000000     0.25000000      2.1116194     0.23795653   0.0034493226
      1.4000000     0.30000000      2.1145075     0.22574368   0.0033596405
      1.4000000     0.35000000      2.1213858     0.23353389   0.0034171179
      1.4000000     0.40000000      2.1136858     0.24697227   0.0035140594
      1.4000000     0.45000000      2.0959666     0.23581390   0.0034337581
      1.4000000     0.50000000      2.1107304     0.24236184   0.0034811050
