0,0,0,0,1.2533141373155008,
0,0,0,1,1.2533141373155008,
0,0,0,2,0.0,
0,0,0,3,0.0,
0,0,0,4,0.0,
0,0,0,5,0.0,
0,0,1,0,1.2533141373155008,
0,0,1,1,1.2533141373155008,
0,0,1,2,0.0,
0,0,1,3,0.0,
0,0,1,4,0.0,
0,0,1,5,0.0,
0,0,2,0,0.0,
0,0,2,1,0.0,
0,0,2,2,0.0,
0,0,2,3,0.0,
0,0,2,4,0.3133285343288753,
0,0,2,5,0.3133285343288753,
0,0,3,0,0.0,
0,0,3,1,0.0,
0,0,3,2,0.0,
0,0,3,3,0.0,
0,0,3,4,0.3133285343288753,
0,0,3,5,0.3133285343288753,
0,0,4,0,0.0,
0,0,4,1,0.0,
0,0,4,2,0.3133285343288753,
0,0,4,3,0.3133285343288753,
0,0,4,4,0.0,
0,0,4,5,0.0,
0,0,5,0,0.0,
0,0,5,1,0.0,
0,0,5,2,0.3133285343288753,
0,0,5,3,0.3133285343288753,
0,0,5,4,0.0,
0,0,5,5,0.0,
0,1,0,0,1.2533141373155008,
0,1,0,1,1.2533141373155008,
0,1,0,2,0.0,
0,1,0,3,0.0,
0,1,0,4,0.0,
0,1,0,5,0.0,
0,1,1,0,1.2533141373155008,
0,1,1,1,1.2533141373155008,
0,1,1,2,0.0,
0,1,1,3,0.0,
0,1,1,4,0.0,
0,1,1,5,0.0,
0,1,2,0,0.0,
0,1,2,1,0.0,
0,1,2,2,0.0,
0,1,2,3,0.0,
0,1,2,4,0.3133285343288753,
0,1,2,5,0.3133285343288753,
0,1,3,0,0.0,
0,1,3,1,0.0,
0,1,3,2,0.0,
0,1,3,3,0.0,
0,1,3,4,0.3133285343288753,
0,1,3,5,0.3133285343288753,
0,1,4,0,0.0,
0,1,4,1,0.0,
0,1,4,2,0.3133285343288753,
0,1,4,3,0.3133285343288753,
0,1,4,4,0.0,
0,1,4,5,0.0,
0,1,5,0,0.0,
0,1,5,1,0.0,
0,1,5,2,0.3133285343288753,
0,1,5,3,0.3133285343288753,
0,1,5,4,0.0,
0,1,5,5,0.0,
0,2,0,0,0.0,
0,2,0,1,0.0,
0,2,0,2,0.9399856029866254,
0,2,0,3,0.9399856029866254,
0,2,0,4,0.0,
0,2,0,5,0.0,
0,2,1,0,0.0,
0,2,1,1,0.0,
0,2,1,2,0.9399856029866254,
0,2,1,3,0.9399856029866254,
0,2,1,4,0.0,
0,2,1,5,0.0,
0,2,2,0,0.3133285343288753,
0,2,2,1,0.3133285343288753,
0,2,2,2,0.0,
0,2,2,3,0.0,
0,2,2,4,0.0,
0,2,2,5,0.0,
0,2,3,0,0.3133285343288753,
0,2,3,1,0.3133285343288753,
0,2,3,2,0.0,
0,2,3,3,0.0,
0,2,3,4,0.0,
0,2,3,5,0.0,
0,2,4,0,0.0,
0,2,4,1,0.0,
0,2,4,2,0.0,
0,2,4,3,0.0,
0,2,4,4,0.0,
0,2,4,5,0.0,
0,2,5,0,0.0,
0,2,5,1,0.0,
0,2,5,2,0.0,
0,2,5,3,0.0,
0,2,5,4,0.0,
0,2,5,5,0.0,
0,3,0,0,0.0,
0,3,0,1,0.0,
0,3,0,2,0.9399856029866254,
0,3,0,3,0.9399856029866254,
0,3,0,4,0.0,
0,3,0,5,0.0,
0,3,1,0,0.0,
0,3,1,1,0.0,
0,3,1,2,0.9399856029866254,
0,3,1,3,0.9399856029866254,
0,3,1,4,0.0,
0,3,1,5,0.0,
0,3,2,0,0.3133285343288753,
0,3,2,1,0.3133285343288753,
0,3,2,2,0.0,
0,3,2,3,0.0,
0,3,2,4,0.0,
0,3,2,5,0.0,
0,3,3,0,0.3133285343288753,
0,3,3,1,0.3133285343288753,
0,3,3,2,0.0,
0,3,3,3,0.0,
0,3,3,4,0.0,
0,3,3,5,0.0,
0,3,4,0,0.0,
0,3,4,1,0.0,
0,3,4,2,0.0,
0,3,4,3,0.0,
0,3,4,4,0.0,
0,3,4,5,0.0,
0,3,5,0,0.0,
0,3,5,1,0.0,
0,3,5,2,0.0,
0,3,5,3,0.0,
0,3,5,4,0.0,
0,3,5,5,0.0,
0,4,0,0,0.0,
0,4,0,1,0.0,
0,4,0,2,0.0,
0,4,0,3,0.0,
0,4,0,4,0.9399856029866254,
0,4,0,5,0.9399856029866254,
0,4,1,0,0.0,
0,4,1,1,0.0,
0,4,1,2,0.0,
0,4,1,3,0.0,
0,4,1,4,0.9399856029866254,
0,4,1,5,0.9399856029866254,
0,4,2,0,0.0,
0,4,2,1,0.0,
0,4,2,2,0.0,
0,4,2,3,0.0,
0,4,2,4,0.0,
0,4,2,5,0.0,
0,4,3,0,0.0,
0,4,3,1,0.0,
0,4,3,2,0.0,
0,4,3,3,0.0,
0,4,3,4,0.0,
0,4,3,5,0.0,
0,4,4,0,0.22155673136318968,
0,4,4,1,0.22155673136318968,
0,4,4,2,0.0,
0,4,4,3,0.0,
0,4,4,4,0.0,
0,4,4,5,0.0,
0,4,5,0,0.22155673136318968,
0,4,5,1,0.22155673136318968,
0,4,5,2,0.0,
0,4,5,3,0.0,
0,4,5,4,0.0,
0,4,5,5,0.0,
0,5,0,0,0.0,
0,5,0,1,0.0,
0,5,0,2,0.0,
0,5,0,3,0.0,
0,5,0,4,0.9399856029866254,
0,5,0,5,0.9399856029866254,
0,5,1,0,0.0,
0,5,1,1,0.0,
0,5,1,2,0.0,
0,5,1,3,0.0,
0,5,1,4,0.9399856029866254,
0,5,1,5,0.9399856029866254,
0,5,2,0,0.0,
0,5,2,1,0.0,
0,5,2,2,0.0,
0,5,2,3,0.0,
0,5,2,4,0.0,
0,5,2,5,0.0,
0,5,3,0,0.0,
0,5,3,1,0.0,
0,5,3,2,0.0,
0,5,3,3,0.0,
0,5,3,4,0.0,
0,5,3,5,0.0,
0,5,4,0,0.22155673136318968,
0,5,4,1,0.22155673136318968,
0,5,4,2,0.0,
0,5,4,3,0.0,
0,5,4,4,0.0,
0,5,4,5,0.0,
0,5,5,0,0.22155673136318968,
0,5,5,1,0.22155673136318968,
0,5,5,2,0.0,
0,5,5,3,0.0,
0,5,5,4,0.0,
0,5,5,5,0.0,
1,0,0,0,1.2533141373155008,
1,0,0,1,1.2533141373155008,
1,0,0,2,0.0,
1,0,0,3,0.0,
1,0,0,4,0.0,
1,0,0,5,0.0,
1,0,1,0,1.2533141373155008,
1,0,1,1,1.2533141373155008,
1,0,1,2,0.0,
1,0,1,3,0.0,
1,0,1,4,0.0,
1,0,1,5,0.0,
1,0,2,0,0.0,
1,0,2,1,0.0,
1,0,2,2,0.0,
1,0,2,3,0.0,
1,0,2,4,0.3133285343288753,
1,0,2,5,0.3133285343288753,
1,0,3,0,0.0,
1,0,3,1,0.0,
1,0,3,2,0.0,
1,0,3,3,0.0,
1,0,3,4,0.3133285343288753,
1,0,3,5,0.3133285343288753,
1,0,4,0,0.0,
1,0,4,1,0.0,
1,0,4,2,0.3133285343288753,
1,0,4,3,0.3133285343288753,
1,0,4,4,0.0,
1,0,4,5,0.0,
1,0,5,0,0.0,
1,0,5,1,0.0,
1,0,5,2,0.3133285343288753,
1,0,5,3,0.3133285343288753,
1,0,5,4,0.0,
1,0,5,5,0.0,
1,1,0,0,1.2533141373155008,
1,1,0,1,1.2533141373155008,
1,1,0,2,0.0,
1,1,0,3,0.0,
1,1,0,4,0.0,
1,1,0,5,0.0,
1,1,1,0,1.2533141373155008,
1,1,1,1,1.2533141373155008,
1,1,1,2,0.0,
1,1,1,3,0.0,
1,1,1,4,0.0,
1,1,1,5,0.0,
1,1,2,0,0.0,
1,1,2,1,0.0,
1,1,2,2,0.0,
1,1,2,3,0.0,
1,1,2,4,0.3133285343288753,
1,1,2,5,0.3133285343288753,
1,1,3,0,0.0,
1,1,3,1,0.0,
1,1,3,2,0.0,
1,1,3,3,0.0,
1,1,3,4,0.3133285343288753,
1,1,3,5,0.3133285343288753,
1,1,4,0,0.0,
1,1,4,1,0.0,
1,1,4,2,0.3133285343288753,
1,1,4,3,0.3133285343288753,
1,1,4,4,0.0,
1,1,4,5,0.0,
1,1,5,0,0.0,
1,1,5,1,0.0,
1,1,5,2,0.3133285343288753,
1,1,5,3,0.3133285343288753,
1,1,5,4,0.0,
1,1,5,5,0.0,
1,2,0,0,0.0,
1,2,0,1,0.0,
1,2,0,2,0.9399856029866254,
1,2,0,3,0.9399856029866254,
1,2,0,4,0.0,
1,2,0,5,0.0,
1,2,1,0,0.0,
1,2,1,1,0.0,
1,2,1,2,0.9399856029866254,
1,2,1,3,0.9399856029866254,
1,2,1,4,0.0,
1,2,1,5,0.0,
1,2,2,0,0.3133285343288753,
1,2,2,1,0.3133285343288753,
1,2,2,2,0.0,
1,2,2,3,0.0,
1,2,2,4,0.0,
1,2,2,5,0.0,
1,2,3,0,0.3133285343288753,
1,2,3,1,0.3133285343288753,
1,2,3,2,0.0,
1,2,3,3,0.0,
1,2,3,4,0.0,
1,2,3,5,0.0,
1,2,4,0,0.0,
1,2,4,1,0.0,
1,2,4,2,0.0,
1,2,4,3,0.0,
1,2,4,4,0.0,
1,2,4,5,0.0,
1,2,5,0,0.0,
1,2,5,1,0.0,
1,2,5,2,0.0,
1,2,5,3,0.0,
1,2,5,4,0.0,
1,2,5,5,0.0,
1,3,0,0,0.0,
1,3,0,1,0.0,
1,3,0,2,0.9399856029866254,
1,3,0,3,0.9399856029866254,
1,3,0,4,0.0,
1,3,0,5,0.0,
1,3,1,0,0.0,
1,3,1,1,0.0,
1,3,1,2,0.9399856029866254,
1,3,1,3,0.9399856029866254,
1,3,1,4,0.0,
1,3,1,5,0.0,
1,3,2,0,0.3133285343288753,
1,3,2,1,0.3133285343288753,
1,3,2,2,0.0,
1,3,2,3,0.0,
1,3,2,4,0.0,
1,3,2,5,0.0,
1,3,3,0,0.3133285343288753,
1,3,3,1,0.3133285343288753,
1,3,3,2,0.0,
1,3,3,3,0.0,
1,3,3,4,0.0,
1,3,3,5,0.0,
1,3,4,0,0.0,
1,3,4,1,0.0,
1,3,4,2,0.0,
1,3,4,3,0.0,
1,3,4,4,0.0,
1,3,4,5,0.0,
1,3,5,0,0.0,
1,3,5,1,0.0,
1,3,5,2,0.0,
1,3,5,3,0.0,
1,3,5,4,0.0,
1,3,5,5,0.0,
1,4,0,0,0.0,
1,4,0,1,0.0,
1,4,0,2,0.0,
1,4,0,3,0.0,
1,4,0,4,0.9399856029866254,
1,4,0,5,0.9399856029866254,
1,4,1,0,0.0,
1,4,1,1,0.0,
1,4,1,2,0.0,
1,4,1,3,0.0,
1,4,1,4,0.9399856029866254,
1,4,1,5,0.9399856029866254,
1,4,2,0,0.0,
1,4,2,1,0.0,
1,4,2,2,0.0,
1,4,2,3,0.0,
1,4,2,4,0.0,
1,4,2,5,0.0,
1,4,3,0,0.0,
1,4,3,1,0.0,
1,4,3,2,0.0,
1,4,3,3,0.0,
1,4,3,4,0.0,
1,4,3,5,0.0,
1,4,4,0,0.22155673136318968,
1,4,4,1,0.22155673136318968,
1,4,4,2,0.0,
1,4,4,3,0.0,
1,4,4,4,0.0,
1,4,4,5,0.0,
1,4,5,0,0.22155673136318968,
1,4,5,1,0.22155673136318968,
1,4,5,2,0.0,
1,4,5,3,0.0,
1,4,5,4,0.0,
1,4,5,5,0.0,
1,5,0,0,0.0,
1,5,0,1,0.0,
1,5,0,2,0.0,
1,5,0,3,0.0,
1,5,0,4,0.9399856029866254,
1,5,0,5,0.9399856029866254,
1,5,1,0,0.0,
1,5,1,1,0.0,
1,5,1,2,0.0,
1,5,1,3,0.0,
1,5,1,4,0.9399856029866254,
1,5,1,5,0.9399856029866254,
1,5,2,0,0.0,
1,5,2,1,0.0,
1,5,2,2,0.0,
1,5,2,3,0.0,
1,5,2,4,0.0,
1,5,2,5,0.0,
1,5,3,0,0.0,
1,5,3,1,0.0,
1,5,3,2,0.0,
1,5,3,3,0.0,
1,5,3,4,0.0,
1,5,3,5,0.0,
1,5,4,0,0.22155673136318968,
1,5,4,1,0.22155673136318968,
1,5,4,2,0.0,
1,5,4,3,0.0,
1,5,4,4,0.0,
1,5,4,5,0.0,
1,5,5,0,0.22155673136318968,
1,5,5,1,0.22155673136318968,
1,5,5,2,0.0,
1,5,5,3,0.0,
1,5,5,4,0.0,
1,5,5,5,0.0,
2,0,0,0,0.0,
2,0,0,1,0.0,
2,0,0,2,0.3133285343288753,
2,0,0,3,0.3133285343288753,
2,0,0,4,0.0,
2,0,0,5,0.0,
2,0,1,0,0.0,
2,0,1,1,0.0,
2,0,1,2,0.3133285343288753,
2,0,1,3,0.3133285343288753,
2,0,1,4,0.0,
2,0,1,5,0.0,
2,0,2,0,0.9399856029866254,
2,0,2,1,0.9399856029866254,
2,0,2,2,0.0,
2,0,2,3,0.0,
2,0,2,4,0.0,
2,0,2,5,0.0,
2,0,3,0,0.9399856029866254,
2,0,3,1,0.9399856029866254,
2,0,3,2,0.0,
2,0,3,3,0.0,
2,0,3,4,0.0,
2,0,3,5,0.0,
2,0,4,0,0.0,
2,0,4,1,0.0,
2,0,4,2,0.0,
2,0,4,3,0.0,
2,0,4,4,0.0,
2,0,4,5,0.0,
2,0,5,0,0.0,
2,0,5,1,0.0,
2,0,5,2,0.0,
2,0,5,3,0.0,
2,0,5,4,0.0,
2,0,5,5,0.0,
2,1,0,0,0.0,
2,1,0,1,0.0,
2,1,0,2,0.3133285343288753,
2,1,0,3,0.3133285343288753,
2,1,0,4,0.0,
2,1,0,5,0.0,
2,1,1,0,0.0,
2,1,1,1,0.0,
2,1,1,2,0.3133285343288753,
2,1,1,3,0.3133285343288753,
2,1,1,4,0.0,
2,1,1,5,0.0,
2,1,2,0,0.9399856029866254,
2,1,2,1,0.9399856029866254,
2,1,2,2,0.0,
2,1,2,3,0.0,
2,1,2,4,0.0,
2,1,2,5,0.0,
2,1,3,0,0.9399856029866254,
2,1,3,1,0.9399856029866254,
2,1,3,2,0.0,
2,1,3,3,0.0,
2,1,3,4,0.0,
2,1,3,5,0.0,
2,1,4,0,0.0,
2,1,4,1,0.0,
2,1,4,2,0.0,
2,1,4,3,0.0,
2,1,4,4,0.0,
2,1,4,5,0.0,
2,1,5,0,0.0,
2,1,5,1,0.0,
2,1,5,2,0.0,
2,1,5,3,0.0,
2,1,5,4,0.0,
2,1,5,5,0.0,
2,2,0,0,0.0,
2,2,0,1,0.0,
2,2,0,2,0.0,
2,2,0,3,0.0,
2,2,0,4,0.0,
2,2,0,5,0.0,
2,2,1,0,0.0,
2,2,1,1,0.0,
2,2,1,2,0.0,
2,2,1,3,0.0,
2,2,1,4,0.0,
2,2,1,5,0.0,
2,2,2,0,0.0,
2,2,2,1,0.0,
2,2,2,2,0.8616534694044066,
2,2,2,3,0.8616534694044066,
2,2,2,4,0.0,
2,2,2,5,0.0,
2,2,3,0,0.0,
2,2,3,1,0.0,
2,2,3,2,0.8616534694044066,
2,2,3,3,0.8616534694044066,
2,2,3,4,0.0,
2,2,3,5,0.0,
2,2,4,0,0.0,
2,2,4,1,0.0,
2,2,4,2,0.0,
2,2,4,3,0.0,
2,2,4,4,0.0,
2,2,4,5,0.0,
2,2,5,0,0.0,
2,2,5,1,0.0,
2,2,5,2,0.0,
2,2,5,3,0.0,
2,2,5,4,0.0,
2,2,5,5,0.0,
2,3,0,0,0.0,
2,3,0,1,0.0,
2,3,0,2,0.0,
2,3,0,3,0.0,
2,3,0,4,0.0,
2,3,0,5,0.0,
2,3,1,0,0.0,
2,3,1,1,0.0,
2,3,1,2,0.0,
2,3,1,3,0.0,
2,3,1,4,0.0,
2,3,1,5,0.0,
2,3,2,0,0.0,
2,3,2,1,0.0,
2,3,2,2,0.8616534694044066,
2,3,2,3,0.8616534694044066,
2,3,2,4,0.0,
2,3,2,5,0.0,
2,3,3,0,0.0,
2,3,3,1,0.0,
2,3,3,2,0.8616534694044066,
2,3,3,3,0.8616534694044066,
2,3,3,4,0.0,
2,3,3,5,0.0,
2,3,4,0,0.0,
2,3,4,1,0.0,
2,3,4,2,0.0,
2,3,4,3,0.0,
2,3,4,4,0.0,
2,3,4,5,0.0,
2,3,5,0,0.0,
2,3,5,1,0.0,
2,3,5,2,0.0,
2,3,5,3,0.0,
2,3,5,4,0.0,
2,3,5,5,0.0,
2,4,0,0,0.3133285343288753,
2,4,0,1,0.3133285343288753,
2,4,0,2,0.0,
2,4,0,3,0.0,
2,4,0,4,0.0,
2,4,0,5,0.0,
2,4,1,0,0.3133285343288753,
2,4,1,1,0.3133285343288753,
2,4,1,2,0.0,
2,4,1,3,0.0,
2,4,1,4,0.0,
2,4,1,5,0.0,
2,4,2,0,0.0,
2,4,2,1,0.0,
2,4,2,2,0.0,
2,4,2,3,0.0,
2,4,2,4,0.6092810112487713,
2,4,2,5,0.6092810112487713,
2,4,3,0,0.0,
2,4,3,1,0.0,
2,4,3,2,0.0,
2,4,3,3,0.0,
2,4,3,4,0.6092810112487713,
2,4,3,5,0.6092810112487713,
2,4,4,0,0.0,
2,4,4,1,0.0,
2,4,4,2,0.16616754852239227,
2,4,4,3,0.16616754852239227,
2,4,4,4,0.0,
2,4,4,5,0.0,
2,4,5,0,0.0,
2,4,5,1,0.0,
2,4,5,2,0.16616754852239227,
2,4,5,3,0.16616754852239227,
2,4,5,4,0.0,
2,4,5,5,0.0,
2,5,0,0,0.3133285343288753,
2,5,0,1,0.3133285343288753,
2,5,0,2,0.0,
2,5,0,3,0.0,
2,5,0,4,0.0,
2,5,0,5,0.0,
2,5,1,0,0.3133285343288753,
2,5,1,1,0.3133285343288753,
2,5,1,2,0.0,
2,5,1,3,0.0,
2,5,1,4,0.0,
2,5,1,5,0.0,
2,5,2,0,0.0,
2,5,2,1,0.0,
2,5,2,2,0.0,
2,5,2,3,0.0,
2,5,2,4,0.6092810112487713,
2,5,2,5,0.6092810112487713,
2,5,3,0,0.0,
2,5,3,1,0.0,
2,5,3,2,0.0,
2,5,3,3,0.0,
2,5,3,4,0.6092810112487713,
2,5,3,5,0.6092810112487713,
2,5,4,0,0.0,
2,5,4,1,0.0,
2,5,4,2,0.16616754852239227,
2,5,4,3,0.16616754852239227,
2,5,4,4,0.0,
2,5,4,5,0.0,
2,5,5,0,0.0,
2,5,5,1,0.0,
2,5,5,2,0.16616754852239227,
2,5,5,3,0.16616754852239227,
2,5,5,4,0.0,
2,5,5,5,0.0,
3,0,0,0,0.0,
3,0,0,1,0.0,
3,0,0,2,0.3133285343288753,
3,0,0,3,0.3133285343288753,
3,0,0,4,0.0,
3,0,0,5,0.0,
3,0,1,0,0.0,
3,0,1,1,0.0,
3,0,1,2,0.3133285343288753,
3,0,1,3,0.3133285343288753,
3,0,1,4,0.0,
3,0,1,5,0.0,
3,0,2,0,0.9399856029866254,
3,0,2,1,0.9399856029866254,
3,0,2,2,0.0,
3,0,2,3,0.0,
3,0,2,4,0.0,
3,0,2,5,0.0,
3,0,3,0,0.9399856029866254,
3,0,3,1,0.9399856029866254,
3,0,3,2,0.0,
3,0,3,3,0.0,
3,0,3,4,0.0,
3,0,3,5,0.0,
3,0,4,0,0.0,
3,0,4,1,0.0,
3,0,4,2,0.0,
3,0,4,3,0.0,
3,0,4,4,0.0,
3,0,4,5,0.0,
3,0,5,0,0.0,
3,0,5,1,0.0,
3,0,5,2,0.0,
3,0,5,3,0.0,
3,0,5,4,0.0,
3,0,5,5,0.0,
3,1,0,0,0.0,
3,1,0,1,0.0,
3,1,0,2,0.3133285343288753,
3,1,0,3,0.3133285343288753,
3,1,0,4,0.0,
3,1,0,5,0.0,
3,1,1,0,0.0,
3,1,1,1,0.0,
3,1,1,2,0.3133285343288753,
3,1,1,3,0.3133285343288753,
3,1,1,4,0.0,
3,1,1,5,0.0,
3,1,2,0,0.9399856029866254,
3,1,2,1,0.9399856029866254,
3,1,2,2,0.0,
3,1,2,3,0.0,
3,1,2,4,0.0,
3,1,2,5,0.0,
3,1,3,0,0.9399856029866254,
3,1,3,1,0.9399856029866254,
3,1,3,2,0.0,
3,1,3,3,0.0,
3,1,3,4,0.0,
3,1,3,5,0.0,
3,1,4,0,0.0,
3,1,4,1,0.0,
3,1,4,2,0.0,
3,1,4,3,0.0,
3,1,4,4,0.0,
3,1,4,5,0.0,
3,1,5,0,0.0,
3,1,5,1,0.0,
3,1,5,2,0.0,
3,1,5,3,0.0,
3,1,5,4,0.0,
3,1,5,5,0.0,
3,2,0,0,0.0,
3,2,0,1,0.0,
3,2,0,2,0.0,
3,2,0,3,0.0,
3,2,0,4,0.0,
3,2,0,5,0.0,
3,2,1,0,0.0,
3,2,1,1,0.0,
3,2,1,2,0.0,
3,2,1,3,0.0,
3,2,1,4,0.0,
3,2,1,5,0.0,
3,2,2,0,0.0,
3,2,2,1,0.0,
3,2,2,2,0.8616534694044066,
3,2,2,3,0.8616534694044066,
3,2,2,4,0.0,
3,2,2,5,0.0,
3,2,3,0,0.0,
3,2,3,1,0.0,
3,2,3,2,0.8616534694044066,
3,2,3,3,0.8616534694044066,
3,2,3,4,0.0,
3,2,3,5,0.0,
3,2,4,0,0.0,
3,2,4,1,0.0,
3,2,4,2,0.0,
3,2,4,3,0.0,
3,2,4,4,0.0,
3,2,4,5,0.0,
3,2,5,0,0.0,
3,2,5,1,0.0,
3,2,5,2,0.0,
3,2,5,3,0.0,
3,2,5,4,0.0,
3,2,5,5,0.0,
3,3,0,0,0.0,
3,3,0,1,0.0,
3,3,0,2,0.0,
3,3,0,3,0.0,
3,3,0,4,0.0,
3,3,0,5,0.0,
3,3,1,0,0.0,
3,3,1,1,0.0,
3,3,1,2,0.0,
3,3,1,3,0.0,
3,3,1,4,0.0,
3,3,1,5,0.0,
3,3,2,0,0.0,
3,3,2,1,0.0,
3,3,2,2,0.8616534694044066,
3,3,2,3,0.8616534694044066,
3,3,2,4,0.0,
3,3,2,5,0.0,
3,3,3,0,0.0,
3,3,3,1,0.0,
3,3,3,2,0.8616534694044066,
3,3,3,3,0.8616534694044066,
3,3,3,4,0.0,
3,3,3,5,0.0,
3,3,4,0,0.0,
3,3,4,1,0.0,
3,3,4,2,0.0,
3,3,4,3,0.0,
3,3,4,4,0.0,
3,3,4,5,0.0,
3,3,5,0,0.0,
3,3,5,1,0.0,
3,3,5,2,0.0,
3,3,5,3,0.0,
3,3,5,4,0.0,
3,3,5,5,0.0,
3,4,0,0,0.3133285343288753,
3,4,0,1,0.3133285343288753,
3,4,0,2,0.0,
3,4,0,3,0.0,
3,4,0,4,0.0,
3,4,0,5,0.0,
3,4,1,0,0.3133285343288753,
3,4,1,1,0.3133285343288753,
3,4,1,2,0.0,
3,4,1,3,0.0,
3,4,1,4,0.0,
3,4,1,5,0.0,
3,4,2,0,0.0,
3,4,2,1,0.0,
3,4,2,2,0.0,
3,4,2,3,0.0,
3,4,2,4,0.6092810112487713,
3,4,2,5,0.6092810112487713,
3,4,3,0,0.0,
3,4,3,1,0.0,
3,4,3,2,0.0,
3,4,3,3,0.0,
3,4,3,4,0.6092810112487713,
3,4,3,5,0.6092810112487713,
3,4,4,0,0.0,
3,4,4,1,0.0,
3,4,4,2,0.16616754852239227,
3,4,4,3,0.16616754852239227,
3,4,4,4,0.0,
3,4,4,5,0.0,
3,4,5,0,0.0,
3,4,5,1,0.0,
3,4,5,2,0.16616754852239227,
3,4,5,3,0.16616754852239227,
3,4,5,4,0.0,
3,4,5,5,0.0,
3,5,0,0,0.3133285343288753,
3,5,0,1,0.3133285343288753,
3,5,0,2,0.0,
3,5,0,3,0.0,
3,5,0,4,0.0,
3,5,0,5,0.0,
3,5,1,0,0.3133285343288753,
3,5,1,1,0.3133285343288753,
3,5,1,2,0.0,
3,5,1,3,0.0,
3,5,1,4,0.0,
3,5,1,5,0.0,
3,5,2,0,0.0,
3,5,2,1,0.0,
3,5,2,2,0.0,
3,5,2,3,0.0,
3,5,2,4,0.6092810112487713,
3,5,2,5,0.6092810112487713,
3,5,3,0,0.0,
3,5,3,1,0.0,
3,5,3,2,0.0,
3,5,3,3,0.0,
3,5,3,4,0.6092810112487713,
3,5,3,5,0.6092810112487713,
3,5,4,0,0.0,
3,5,4,1,0.0,
3,5,4,2,0.16616754852239227,
3,5,4,3,0.16616754852239227,
3,5,4,4,0.0,
3,5,4,5,0.0,
3,5,5,0,0.0,
3,5,5,1,0.0,
3,5,5,2,0.16616754852239227,
3,5,5,3,0.16616754852239227,
3,5,5,4,0.0,
3,5,5,5,0.0,
4,0,0,0,0.0,
4,0,0,1,0.0,
4,0,0,2,0.0,
4,0,0,3,0.0,
4,0,0,4,0.22155673136318968,
4,0,0,5,0.22155673136318968,
4,0,1,0,0.0,
4,0,1,1,0.0,
4,0,1,2,0.0,
4,0,1,3,0.0,
4,0,1,4,0.22155673136318968,
4,0,1,5,0.22155673136318968,
4,0,2,0,0.0,
4,0,2,1,0.0,
4,0,2,2,0.0,
4,0,2,3,0.0,
4,0,2,4,0.0,
4,0,2,5,0.0,
4,0,3,0,0.0,
4,0,3,1,0.0,
4,0,3,2,0.0,
4,0,3,3,0.0,
4,0,3,4,0.0,
4,0,3,5,0.0,
4,0,4,0,0.9399856029866254,
4,0,4,1,0.9399856029866254,
4,0,4,2,0.0,
4,0,4,3,0.0,
4,0,4,4,0.0,
4,0,4,5,0.0,
4,0,5,0,0.9399856029866254,
4,0,5,1,0.9399856029866254,
4,0,5,2,0.0,
4,0,5,3,0.0,
4,0,5,4,0.0,
4,0,5,5,0.0,
4,1,0,0,0.0,
4,1,0,1,0.0,
4,1,0,2,0.0,
4,1,0,3,0.0,
4,1,0,4,0.22155673136318968,
4,1,0,5,0.22155673136318968,
4,1,1,0,0.0,
4,1,1,1,0.0,
4,1,1,2,0.0,
4,1,1,3,0.0,
4,1,1,4,0.22155673136318968,
4,1,1,5,0.22155673136318968,
4,1,2,0,0.0,
4,1,2,1,0.0,
4,1,2,2,0.0,
4,1,2,3,0.0,
4,1,2,4,0.0,
4,1,2,5,0.0,
4,1,3,0,0.0,
4,1,3,1,0.0,
4,1,3,2,0.0,
4,1,3,3,0.0,
4,1,3,4,0.0,
4,1,3,5,0.0,
4,1,4,0,0.9399856029866254,
4,1,4,1,0.9399856029866254,
4,1,4,2,0.0,
4,1,4,3,0.0,
4,1,4,4,0.0,
4,1,4,5,0.0,
4,1,5,0,0.9399856029866254,
4,1,5,1,0.9399856029866254,
4,1,5,2,0.0,
4,1,5,3,0.0,
4,1,5,4,0.0,
4,1,5,5,0.0,
4,2,0,0,0.3133285343288753,
4,2,0,1,0.3133285343288753,
4,2,0,2,0.0,
4,2,0,3,0.0,
4,2,0,4,0.0,
4,2,0,5,0.0,
4,2,1,0,0.3133285343288753,
4,2,1,1,0.3133285343288753,
4,2,1,2,0.0,
4,2,1,3,0.0,
4,2,1,4,0.0,
4,2,1,5,0.0,
4,2,2,0,0.0,
4,2,2,1,0.0,
4,2,2,2,0.0,
4,2,2,3,0.0,
4,2,2,4,0.16616754852239227,
4,2,2,5,0.16616754852239227,
4,2,3,0,0.0,
4,2,3,1,0.0,
4,2,3,2,0.0,
4,2,3,3,0.0,
4,2,3,4,0.16616754852239227,
4,2,3,5,0.16616754852239227,
4,2,4,0,0.0,
4,2,4,1,0.0,
4,2,4,2,0.6092810112487713,
4,2,4,3,0.6092810112487713,
4,2,4,4,0.0,
4,2,4,5,0.0,
4,2,5,0,0.0,
4,2,5,1,0.0,
4,2,5,2,0.6092810112487713,
4,2,5,3,0.6092810112487713,
4,2,5,4,0.0,
4,2,5,5,0.0,
4,3,0,0,0.3133285343288753,
4,3,0,1,0.3133285343288753,
4,3,0,2,0.0,
4,3,0,3,0.0,
4,3,0,4,0.0,
4,3,0,5,0.0,
4,3,1,0,0.3133285343288753,
4,3,1,1,0.3133285343288753,
4,3,1,2,0.0,
4,3,1,3,0.0,
4,3,1,4,0.0,
4,3,1,5,0.0,
4,3,2,0,0.0,
4,3,2,1,0.0,
4,3,2,2,0.0,
4,3,2,3,0.0,
4,3,2,4,0.16616754852239227,
4,3,2,5,0.16616754852239227,
4,3,3,0,0.0,
4,3,3,1,0.0,
4,3,3,2,0.0,
4,3,3,3,0.0,
4,3,3,4,0.16616754852239227,
4,3,3,5,0.16616754852239227,
4,3,4,0,0.0,
4,3,4,1,0.0,
4,3,4,2,0.6092810112487713,
4,3,4,3,0.6092810112487713,
4,3,4,4,0.0,
4,3,4,5,0.0,
4,3,5,0,0.0,
4,3,5,1,0.0,
4,3,5,2,0.6092810112487713,
4,3,5,3,0.6092810112487713,
4,3,5,4,0.0,
4,3,5,5,0.0,
4,4,0,0,0.0,
4,4,0,1,0.0,
4,4,0,2,0.0,
4,4,0,3,0.0,
4,4,0,4,0.0,
4,4,0,5,0.0,
4,4,1,0,0.0,
4,4,1,1,0.0,
4,4,1,2,0.0,
4,4,1,3,0.0,
4,4,1,4,0.0,
4,4,1,5,0.0,
4,4,2,0,0.0,
4,4,2,1,0.0,
4,4,2,2,0.0,
4,4,2,3,0.0,
4,4,2,4,0.0,
4,4,2,5,0.0,
4,4,3,0,0.0,
4,4,3,1,0.0,
4,4,3,2,0.0,
4,4,3,3,0.0,
4,4,3,4,0.0,
4,4,3,5,0.0,
4,4,4,0,0.0,
4,4,4,1,0.0,
4,4,4,2,0.0,
4,4,4,3,0.0,
4,4,4,4,0.4308267347022033,
4,4,4,5,0.4308267347022033,
4,4,5,0,0.0,
4,4,5,1,0.0,
4,4,5,2,0.0,
4,4,5,3,0.0,
4,4,5,4,0.4308267347022033,
4,4,5,5,0.4308267347022033,
4,5,0,0,0.0,
4,5,0,1,0.0,
4,5,0,2,0.0,
4,5,0,3,0.0,
4,5,0,4,0.0,
4,5,0,5,0.0,
4,5,1,0,0.0,
4,5,1,1,0.0,
4,5,1,2,0.0,
4,5,1,3,0.0,
4,5,1,4,0.0,
4,5,1,5,0.0,
4,5,2,0,0.0,
4,5,2,1,0.0,
4,5,2,2,0.0,
4,5,2,3,0.0,
4,5,2,4,0.0,
4,5,2,5,0.0,
4,5,3,0,0.0,
4,5,3,1,0.0,
4,5,3,2,0.0,
4,5,3,3,0.0,
4,5,3,4,0.0,
4,5,3,5,0.0,
4,5,4,0,0.0,
4,5,4,1,0.0,
4,5,4,2,0.0,
4,5,4,3,0.0,
4,5,4,4,0.4308267347022033,
4,5,4,5,0.4308267347022033,
4,5,5,0,0.0,
4,5,5,1,0.0,
4,5,5,2,0.0,
4,5,5,3,0.0,
4,5,5,4,0.4308267347022033,
4,5,5,5,0.4308267347022033,
5,0,0,0,0.0,
5,0,0,1,0.0,
5,0,0,2,0.0,
5,0,0,3,0.0,
5,0,0,4,0.22155673136318968,
5,0,0,5,0.22155673136318968,
5,0,1,0,0.0,
5,0,1,1,0.0,
5,0,1,2,0.0,
5,0,1,3,0.0,
5,0,1,4,0.22155673136318968,
5,0,1,5,0.22155673136318968,
5,0,2,0,0.0,
5,0,2,1,0.0,
5,0,2,2,0.0,
5,0,2,3,0.0,
5,0,2,4,0.0,
5,0,2,5,0.0,
5,0,3,0,0.0,
5,0,3,1,0.0,
5,0,3,2,0.0,
5,0,3,3,0.0,
5,0,3,4,0.0,
5,0,3,5,0.0,
5,0,4,0,0.9399856029866254,
5,0,4,1,0.9399856029866254,
5,0,4,2,0.0,
5,0,4,3,0.0,
5,0,4,4,0.0,
5,0,4,5,0.0,
5,0,5,0,0.9399856029866254,
5,0,5,1,0.9399856029866254,
5,0,5,2,0.0,
5,0,5,3,0.0,
5,0,5,4,0.0,
5,0,5,5,0.0,
5,1,0,0,0.0,
5,1,0,1,0.0,
5,1,0,2,0.0,
5,1,0,3,0.0,
5,1,0,4,0.22155673136318968,
5,1,0,5,0.22155673136318968,
5,1,1,0,0.0,
5,1,1,1,0.0,
5,1,1,2,0.0,
5,1,1,3,0.0,
5,1,1,4,0.22155673136318968,
5,1,1,5,0.22155673136318968,
5,1,2,0,0.0,
5,1,2,1,0.0,
5,1,2,2,0.0,
5,1,2,3,0.0,
5,1,2,4,0.0,
5,1,2,5,0.0,
5,1,3,0,0.0,
5,1,3,1,0.0,
5,1,3,2,0.0,
5,1,3,3,0.0,
5,1,3,4,0.0,
5,1,3,5,0.0,
5,1,4,0,0.9399856029866254,
5,1,4,1,0.9399856029866254,
5,1,4,2,0.0,
5,1,4,3,0.0,
5,1,4,4,0.0,
5,1,4,5,0.0,
5,1,5,0,0.9399856029866254,
5,1,5,1,0.9399856029866254,
5,1,5,2,0.0,
5,1,5,3,0.0,
5,1,5,4,0.0,
5,1,5,5,0.0,
5,2,0,0,0.3133285343288753,
5,2,0,1,0.3133285343288753,
5,2,0,2,0.0,
5,2,0,3,0.0,
5,2,0,4,0.0,
5,2,0,5,0.0,
5,2,1,0,0.3133285343288753,
5,2,1,1,0.3133285343288753,
5,2,1,2,0.0,
5,2,1,3,0.0,
5,2,1,4,0.0,
5,2,1,5,0.0,
5,2,2,0,0.0,
5,2,2,1,0.0,
5,2,2,2,0.0,
5,2,2,3,0.0,
5,2,2,4,0.16616754852239227,
5,2,2,5,0.16616754852239227,
5,2,3,0,0.0,
5,2,3,1,0.0,
5,2,3,2,0.0,
5,2,3,3,0.0,
5,2,3,4,0.16616754852239227,
5,2,3,5,0.16616754852239227,
5,2,4,0,0.0,
5,2,4,1,0.0,
5,2,4,2,0.6092810112487713,
5,2,4,3,0.6092810112487713,
5,2,4,4,0.0,
5,2,4,5,0.0,
5,2,5,0,0.0,
5,2,5,1,0.0,
5,2,5,2,0.6092810112487713,
5,2,5,3,0.6092810112487713,
5,2,5,4,0.0,
5,2,5,5,0.0,
5,3,0,0,0.3133285343288753,
5,3,0,1,0.3133285343288753,
5,3,0,2,0.0,
5,3,0,3,0.0,
5,3,0,4,0.0,
5,3,0,5,0.0,
5,3,1,0,0.3133285343288753,
5,3,1,1,0.3133285343288753,
5,3,1,2,0.0,
5,3,1,3,0.0,
5,3,1,4,0.0,
5,3,1,5,0.0,
5,3,2,0,0.0,
5,3,2,1,0.0,
5,3,2,2,0.0,
5,3,2,3,0.0,
5,3,2,4,0.16616754852239227,
5,3,2,5,0.16616754852239227,
5,3,3,0,0.0,
5,3,3,1,0.0,
5,3,3,2,0.0,
5,3,3,3,0.0,
5,3,3,4,0.16616754852239227,
5,3,3,5,0.16616754852239227,
5,3,4,0,0.0,
5,3,4,1,0.0,
5,3,4,2,0.6092810112487713,
5,3,4,3,0.6092810112487713,
5,3,4,4,0.0,
5,3,4,5,0.0,
5,3,5,0,0.0,
5,3,5,1,0.0,
5,3,5,2,0.6092810112487713,
5,3,5,3,0.6092810112487713,
5,3,5,4,0.0,
5,3,5,5,0.0,
5,4,0,0,0.0,
5,4,0,1,0.0,
5,4,0,2,0.0,
5,4,0,3,0.0,
5,4,0,4,0.0,
5,4,0,5,0.0,
5,4,1,0,0.0,
5,4,1,1,0.0,
5,4,1,2,0.0,
5,4,1,3,0.0,
5,4,1,4,0.0,
5,4,1,5,0.0,
5,4,2,0,0.0,
5,4,2,1,0.0,
5,4,2,2,0.0,
5,4,2,3,0.0,
5,4,2,4,0.0,
5,4,2,5,0.0,
5,4,3,0,0.0,
5,4,3,1,0.0,
5,4,3,2,0.0,
5,4,3,3,0.0,
5,4,3,4,0.0,
5,4,3,5,0.0,
5,4,4,0,0.0,
5,4,4,1,0.0,
5,4,4,2,0.0,
5,4,4,3,0.0,
5,4,4,4,0.4308267347022033,
5,4,4,5,0.4308267347022033,
5,4,5,0,0.0,
5,4,5,1,0.0,
5,4,5,2,0.0,
5,4,5,3,0.0,
5,4,5,4,0.4308267347022033,
5,4,5,5,0.4308267347022033,
5,5,0,0,0.0,
5,5,0,1,0.0,
5,5,0,2,0.0,
5,5,0,3,0.0,
5,5,0,4,0.0,
5,5,0,5,0.0,
5,5,1,0,0.0,
5,5,1,1,0.0,
5,5,1,2,0.0,
5,5,1,3,0.0,
5,5,1,4,0.0,
5,5,1,5,0.0,
5,5,2,0,0.0,
5,5,2,1,0.0,
5,5,2,2,0.0,
5,5,2,3,0.0,
5,5,2,4,0.0,
5,5,2,5,0.0,
5,5,3,0,0.0,
5,5,3,1,0.0,
5,5,3,2,0.0,
5,5,3,3,0.0,
5,5,3,4,0.0,
5,5,3,5,0.0,
5,5,4,0,0.0,
5,5,4,1,0.0,
5,5,4,2,0.0,
5,5,4,3,0.0,
5,5,4,4,0.4308267347022033,
5,5,4,5,0.4308267347022033,
5,5,5,0,0.0,
5,5,5,1,0.0,
5,5,5,2,0.0,
5,5,5,3,0.0,
5,5,5,4,0.4308267347022033,
5,5,5,5,0.4308267347022033,
