|0>, (0, 0), (0, 0), -0.5
|1>, (0, 0), (0, 0), 0.5
|2>, (0, 1), (0, -1), -0.5
|3>, (0, 1), (0, -1), 0.5
|4>, (1, 0), (0, 1), -0.5
|5>, (1, 0), (0, 1), 0.5
|6>, (0, 2), (0, -2), -0.5
|7>, (0, 2), (0, -2), 0.5
|8>, (1, 1), (1, 0), -0.5
|9>, (1, 1), (1, 0), 0.5
|10>, (2, 0), (0, 2), -0.5
|11>, (2, 0), (0, 2), 0.5
|12>, (0, 3), (0, -3), -0.5
|13>, (0, 3), (0, -3), 0.5
|14>, (1, 2), (1, -1), -0.5
|15>, (1, 2), (1, -1), 0.5
|16>, (2, 1), (1, 1), -0.5
|17>, (2, 1), (1, 1), 0.5
|18>, (3, 0), (0, 3), -0.5
|19>, (3, 0), (0, 3), 0.5
|20>, (0, 4), (0, -4), -0.5
|21>, (0, 4), (0, -4), 0.5
|22>, (1, 3), (1, -2), -0.5
|23>, (1, 3), (1, -2), 0.5
|24>, (2, 2), (2, 0), -0.5
|25>, (2, 2), (2, 0), 0.5
|26>, (3, 1), (1, 2), -0.5
|27>, (3, 1), (1, 2), 0.5
|28>, (4, 0), (0, 4), -0.5
|29>, (4, 0), (0, 4), 0.5
|30>, (0, 5), (0, -5), -0.5
|31>, (0, 5), (0, -5), 0.5
|32>, (1, 4), (1, -3), -0.5
|33>, (1, 4), (1, -3), 0.5
|34>, (2, 3), (2, -1), -0.5
|35>, (2, 3), (2, -1), 0.5
|36>, (3, 2), (2, 1), -0.5
|37>, (3, 2), (2, 1), 0.5
|38>, (4, 1), (1, 3), -0.5
|39>, (4, 1), (1, 3), 0.5
|40>, (5, 0), (0, 5), -0.5
|41>, (5, 0), (0, 5), 0.5
|42>, (0, 6), (0, -6), -0.5
|43>, (0, 6), (0, -6), 0.5
|44>, (1, 5), (1, -4), -0.5
|45>, (1, 5), (1, -4), 0.5
|46>, (2, 4), (2, -2), -0.5
|47>, (2, 4), (2, -2), 0.5
|48>, (3, 3), (3, 0), -0.5
|49>, (3, 3), (3, 0), 0.5
|50>, (4, 2), (2, 2), -0.5
|51>, (4, 2), (2, 2), 0.5
|52>, (5, 1), (1, 4), -0.5
|53>, (5, 1), (1, 4), 0.5
|54>, (6, 0), (0, 6), -0.5
|55>, (6, 0), (0, 6), 0.5
|56>, (0, 7), (0, -7), -0.5
|57>, (0, 7), (0, -7), 0.5
|58>, (1, 6), (1, -5), -0.5
|59>, (1, 6), (1, -5), 0.5
|60>, (2, 5), (2, -3), -0.5
|61>, (2, 5), (2, -3), 0.5
|62>, (3, 4), (3, -1), -0.5
|63>, (3, 4), (3, -1), 0.5
|64>, (4, 3), (3, 1), -0.5
|65>, (4, 3), (3, 1), 0.5
|66>, (5, 2), (2, 3), -0.5
|67>, (5, 2), (2, 3), 0.5
|68>, (6, 1), (1, 5), -0.5
|69>, (6, 1), (1, 5), 0.5
|70>, (7, 0), (0, 7), -0.5
|71>, (7, 0), (0, 7), 0.5
|72>, (0, 8), (0, -8), -0.5
|73>, (0, 8), (0, -8), 0.5
|74>, (1, 7), (1, -6), -0.5
|75>, (1, 7), (1, -6), 0.5
|76>, (2, 6), (2, -4), -0.5
|77>, (2, 6), (2, -4), 0.5
|78>, (3, 5), (3, -2), -0.5
|79>, (3, 5), (3, -2), 0.5
|80>, (4, 4), (4, 0), -0.5
|81>, (4, 4), (4, 0), 0.5
|82>, (5, 3), (3, 2), -0.5
|83>, (5, 3), (3, 2), 0.5
|84>, (6, 2), (2, 4), -0.5
|85>, (6, 2), (2, 4), 0.5
|86>, (7, 1), (1, 6), -0.5
|87>, (7, 1), (1, 6), 0.5
|88>, (8, 0), (0, 8), -0.5
|89>, (8, 0), (0, 8), 0.5
