7.997843405353982638e-01
8.017923766139448682e-01
7.449369047693044088e-01
1.206185913840489565e+00
9.863701162862270611e-01
1.303469822573499970e+00
8.264324808705747483e-01
8.792213984521440873e-01
6.549768084143038349e-01
8.769132065449040114e-01
9.010336599672587043e-01
1.683151474760382627e+00
7.053589213601569874e-01
7.966625968078575593e-01
5.331022563611373943e-01
7.489405609097329330e-01
7.721441741633432443e-01
5.943514440110596597e-01
1.382222891963059030e+00
5.845698855048633291e-01
6.359198804716214015e-01
1.289369471033782633e+00
7.019643792988117248e-01
1.175487329589554930e+00
9.214670687516133274e-01
1.056078319554033973e+00
1.093224031789486794e+00
1.292206608699695281e+00
7.357078168778489191e-01
8.375125139495345206e-01
5.042823910656977215e-01
7.539659626600501152e-01
4.055695875662531091e-01
1.331385856720933125e+00
1.138237868148107790e+00
1.393126907073815035e-01
8.374604803132772446e-01
7.026539218499743278e-01
4.783379118029718047e-01
9.955412314317007016e-01
7.397102038469232088e-01
1.624351004428091327e+00
1.417213622093463243e+00
9.332888853290597364e-01
6.407902707227787209e-01
1.408403376666211848e+00
1.192843654547710797e+00
9.751153378444352704e-01
1.053005514663992948e+00
5.465880805623994920e-01
1.183851992350982263e+00
7.297696567174836169e-01
1.280510164433210862e+00
1.016536129801626664e+00
7.470993105566758885e-01
1.399637142251241251e+00
9.219089685204368001e-01
8.700921901769242961e-01
2.752040208230217555e-01
5.149706702634754274e-01
3.479916487477953124e-01
1.568916791797581478e+00
7.955645722867115133e-01
6.240379942700037263e-01
1.570031518460443642e+00
4.376924459199610373e-01
3.514293225108832130e-01
7.896620635195363835e-01
1.394579524893437172e+00
2.292657527258213257e+00
1.319748239359652686e+00
1.422879703378511440e+00
2.406342520460484913e+00
1.027880224069092518e+00
1.213536861333438743e+00
8.116950921905063954e-01
1.280547265508638288e+00
1.241202552396941883e+00
5.516819846886691359e-01
8.197952368562566594e-01
3.128244842643567170e-01
7.969186225555713321e-01
1.476234922166941521e+00
8.003839197743376488e-01
1.042705873219632151e+00
1.748501268483456883e+00
9.104080431052663513e-01
1.118280064833909071e+00
1.433963013273526599e+00
9.128841059784520429e-01
8.664940206744515816e-01
9.589787434594063686e-01
1.610828371995755903e+00
1.367159832394220675e+00
1.560678667865290858e+00
1.125228922860076253e+00
6.868710355436735693e-01
1.031491381671191920e+00
1.048913364605516207e+00
1.376586317025748407e+00
1.710376751228432468e+00
1.134048947603471635e+00
9.394970794214669851e-01
1.249184596892689347e+00
1.235054067267360001e+00
1.533856414359186848e+00
6.614290930162375348e-01
1.117456239525803641e+00
6.966737009786959645e-01
9.361919783364874847e-01
9.457953312314966166e-01
1.111751972465140126e+00
1.243004055132775676e+00
5.464040760889332660e-01
1.235895047215785247e+00
1.247232178317111195e+00
4.975442920151182946e-01
1.240995899990452012e+00
1.546377781443493804e+00
1.425064001318263163e+00
4.580560287169209710e-01
1.163296937018004851e+00
9.716758466910211389e-01
1.137704216171214533e+00
1.145465838535805414e+00
6.230847077856942473e-01
1.691879990373201359e+00
5.758976589891438014e-01
7.958033592582849369e-01
2.104804772367439902e+00
7.745730219411117723e-01
1.155146533846568069e+00
7.810346601956764667e-01
1.452359070950388631e+00
1.307032723834785415e+00
9.129429166345991442e-01
6.754497187547525705e-01
1.238956076484536428e+00
1.101022687706763925e+00
7.138757278280656315e-01
1.225551698244177867e+00
1.207647796417417485e+00
1.696954239520136687e+00
1.288047773928158168e+00
1.517049169115559426e+00
6.335842932214413858e-01
1.137551111255936664e+00
6.515974931321891761e-01
1.360195191914856938e+00
5.615471982741946366e-01
1.272376588940249631e+00
1.123497588790722146e+00
5.096164032191932147e-01
6.481342170409694070e-01
6.350775673026444190e-01
1.083191655778973583e+00
1.089148522852172007e+00
9.863747491985743743e-01
1.357805864163410758e+00
1.247150586133379369e+00
6.594958100782959409e-01
9.206276226662335471e-01
1.162462326805787649e+00
3.222733580668955544e-01
1.286016367855751463e+00
8.017619619331231018e-01
6.168781607972519954e-01
5.054805963704106508e-01
1.384746776487731701e+00
5.785043908962742565e-01
6.806577138877438760e-01
1.119992887229721124e+00
1.247063356977630155e+00
6.689993819628170524e-01
9.029322558923517095e-01
4.344430614961171666e-01
1.816101378084763684e+00
1.244706778603471120e+00
7.564733189810886049e-01
3.991163487770532647e-01
7.024535558005947644e-01
8.881545615086217094e-01
7.449888666489332678e-01
8.003421419654199731e-01
7.706248835983116052e-01
9.663765210248855819e-01
1.127159222626633595e+00
1.243647869981612697e+00
5.233887207454265278e-01
7.501162689000056005e-01
1.227478067254475169e+00
7.559738021307502720e-01
5.292905319528757868e-01
8.456511746253092543e-01
9.567696167020232068e-01
1.457642068373105282e+00
7.598692685288086501e-01
1.349238666315576873e+00
1.217931163374820214e+00
1.395830149218288518e+00
1.247950022870965014e+00
9.789616229529283231e-01
3.532359407688891451e-01
1.494687021598968046e+00
7.610217734110011900e-01
9.742423470844260303e-01
1.199286591382689116e+00
1.399515816701086823e+00
1.130275755738756605e+00
1.254030617721481722e+00
7.182087531928347257e-01
5.604675939702665755e-01
4.677462868801544049e-01
1.171215925387365742e+00
1.159755326727986979e+00
1.047658037478267579e+00
3.473162781779151054e-01
1.128627048610214789e+00
1.063956467223846847e+00
1.029344020446181451e+00
8.282156873591031143e-01
1.857750884868047070e+00
1.276538355683886738e+00
1.404288236037616322e+00
1.137494636159073647e+00
6.948825711837673946e-01
9.887326511526137729e-01
3.869986708076992299e-01
1.217798212726432405e+00
6.706083721794666719e-01
7.856291297783883909e-01
7.520336397851984378e-01
7.762023481524162882e-01
5.649397879952422485e-01
1.310990033329261450e+00
7.142727391358927314e-01
8.712421667139444992e-01
7.853828964765406928e-01
1.156350763477137944e+00
7.523471002100219351e-01
6.799893762616211479e-01
1.264633308590855210e+00
7.535209122309597385e-01
9.397599437613514128e-01
7.579944160582769985e-01
8.315698827895865453e-01
8.868647481502159868e-01
1.824018475249572724e+00
5.611258875140328062e-01
7.219348243355601102e-01
1.183920586560663457e+00
5.983835364643834698e-01
7.870480908911779983e-01
4.456073742911562108e-01
9.600330728136856617e-01
6.301999902724473301e-01
1.211450681745718239e+00
9.396764400931292283e-01
1.224174227272221582e+00
3.278421054185736150e-01
3.632970379369288572e-01
1.238791935476098338e+00
7.867149490853748706e-01
1.003348190377174820e+00
5.917407616407386328e-01
1.224090269663606456e+00
8.498624964656098513e-01
6.153808060856835738e-01
1.119607928652534001e+00
8.450640386018238859e-01
4.922470835875177864e-01
7.125042282694377116e-01
6.014230725753333395e-01
7.443067325651921973e-01
8.462182688212809278e-01
1.028927402471682351e+00
5.212457429577511681e-01
2.534943270807751947e+00
9.058457807300799303e-01
1.326695907171797639e+00
1.139954730677323225e+00
3.104291769844023663e-01
7.766874882285983439e-01
4.139048594582849239e-01
6.653173458916263883e-01
6.987741017678731348e-01
8.564820948173460513e-01
1.075365754412789032e+00
1.004114853428583531e+00
8.443509154105945935e-01
3.734690531261705693e-01
3.104845362390134533e-01
9.139984444449981149e-01
1.232906105149027542e+00
9.751189534435956707e-01
9.901472945564561146e-01
8.205180510093117441e-01
7.674616884132891004e-01
6.961902195004131544e-01
1.333896116900969098e+00
1.793576074441425749e+00
8.969113504681230920e-01
1.483008690308490696e+00
7.371857184359142945e-01
7.527935723439403981e-01
1.365545847275331015e+00
9.305879957000450231e-01
9.717737861913720021e-01
6.500606777340975917e-01
1.386575995186325683e+00
1.322032133323954195e+00
1.620837985513645663e+00
7.280054141108840415e-01
3.596622823885566311e-01
1.217725330081557811e+00
6.022759167808731107e-01
4.975207455513369625e-01
5.216088036128904148e-01
1.257262895551177539e+00
8.473354055831389120e-01
7.735847202429428915e-01
1.005649947749606143e+00
6.568349170796639047e-01
1.173015666512135624e+00
1.829337252561477722e+00
1.063898391087060524e+00
1.703383389338883003e+00
9.257122998294731175e-01
1.002183209102430084e+00
1.270244187027144367e+00
8.094665903193183354e-01
8.913035639779612884e-01
6.461682379260207387e-01
7.636752176460152031e-01
1.095069410371918739e+00
6.426061119386583531e-01
8.487039662169718612e-01
1.371675818701185490e+00
7.428973460182188848e-01
1.047360131047704535e+00
1.509725353770425382e+00
6.107398806309262129e-01
8.150715776101221666e-01
7.125989470053808450e-01
5.736992147985443546e-01
4.072961547951767236e-01
6.527658385386416739e-01
1.638869708956039339e+00
1.250586663167892354e+00
1.405230685965454862e+00
3.690903588470505481e-01
8.094310216696408711e-01
1.407651154335084254e+00
1.159707613791540748e+00
9.930744716388987259e-01
7.890971993592051925e-01
5.129798207659295173e-01
1.334475070366336835e+00
5.123829573225021639e-01
1.548214112668790055e+00
1.552537494611758273e+00
1.385032582509035048e+00
1.010017211013473970e+00
4.697822586859176086e-01
5.895634622689058801e-01
5.747616400998939445e-01
8.652511413141277252e-01
1.296248407182554629e+00
6.042035057662217268e-01
1.223357643459546784e+00
4.891182994510019921e-01
1.118260167741763178e+00
9.695476150997435205e-01
9.122873779365719971e-01
1.085973663368760889e+00
6.491213994848803459e-01
5.654140406993812817e-01
7.770046488919335470e-01
1.471220675975528192e+00
4.044046860870886273e-01
7.058717217916884445e-01
8.687398928465646097e-01
9.115505835530608447e-01
1.102677522008977729e+00
5.401796911478551344e-01
1.089901090950669449e+00
4.978435391070882288e-01
5.913588211305318421e-01
1.108856340288101316e+00
1.125968206474090572e+00
1.622574429890638825e+00
6.822309026604651550e-01
2.152258788994590333e+00
1.855946267902797153e+00
4.615417246673660934e-01
7.771200857160136533e-01
7.645197143401762929e-01
8.754476900618131108e-01
1.473060359232965411e+00
8.764066474393289452e-01
1.702533434780582500e+00
7.262520484098213824e-01
3.818707525327676433e-01
1.078079880065053953e+00
1.472023345980426168e+00
4.354079733872365798e-01
7.028625124618571585e-01
1.620457715784866082e+00
8.205484740747621686e-01
8.369435919228047638e-01
8.845666426327143395e-01
2.936966111765232146e+00
7.552543823637956066e-01
1.422928146590727083e+00
1.195084885722902390e+00
5.762689386071770947e-01
9.706188486912473712e-01
8.331065159977325552e-01
1.090580090187043716e+00
5.848623667921333258e-01
1.026114638216675479e+00
5.665804993565379810e-01
1.665296556043335485e+00
1.107060789960184977e+00
6.940050315779839885e-01
9.285292428516823682e-01
5.164713340992264090e-01
1.461067477852995955e+00
2.465549415859077942e-01
9.713303866268417908e-01
1.205754469148275998e+00
1.074312199476966212e+00
1.335086945027351923e+00
1.258907087731860885e+00
7.402886102175898486e-01
5.371812335852526044e-01
8.001887034419956635e-01
1.635995284510816106e+00
8.173681075786898287e-01
1.054406964207880826e+00
1.278538383064374173e+00
1.068660671267203099e+00
3.655953974815583374e-01
1.008771666388557975e+00
1.225725236555341047e+00
4.472120108293913265e-01
1.839969725947143253e+00
1.278264528502525810e+00
9.063830306250868496e-01
2.573556880339048725e+00
1.051202341634710047e+00
1.531496926221024069e+00
7.522181902561951850e-01
7.303725995738732379e-01
8.617582181739903424e-01
1.372829902734752805e+00
1.611631435334563545e+00
1.021962900759644022e+00
1.167631470376975011e+00
1.333893482187115787e+00
4.200072504054009892e-01
1.066649727915672363e+00
6.332295864246170192e-01
1.401032789697312708e+00
1.405051414979300306e+00
6.823290725322082029e-01
1.217401962948315042e+00
1.334476139063918598e+00
1.435937395445502585e+00
1.078661764555476577e+00
4.198831912777015174e-01
2.181346753942658090e+00
2.424572904514351812e+00
6.899873681724817409e-01
8.772077390065253777e-01
1.183800484332365954e+00
6.162129407329525188e-01
1.295466636231359159e+00
1.343854015089717802e+00
4.244144625758909939e-01
6.695719945216189739e-01
1.059405444583431111e+00
1.134975465146390139e+00
9.609346431728447158e-01
1.023266138684790549e+00
1.020204738668545108e+00
3.028108877783481923e-01
6.282078862913852424e-01
9.096413416804410845e-01
7.715302207423267999e-01
5.851707141705876358e-01
1.124481872869389720e+00
6.810436366087539994e-01
1.003168851866859779e+00
6.064192646775405926e-01
8.597465107317546762e-01
1.019575455127579522e+00
1.045446336927058351e+00
3.809732571417597802e-01
7.766573647109245027e-01
1.044820968432904174e+00
1.131038800852497417e+00
7.633282772677925099e-01
9.469192728884735510e-01
6.530024081875803743e-01
5.324734377378984584e-01
7.612921936564984726e-01
4.937964075337974990e-01
1.952349833679116076e+00
9.161168673656951977e-01
1.618115514363902774e+00
5.654099100748761764e-01
1.118199243492646877e+00
9.620545703903868873e-01
4.281535925966408751e-01
6.400890898566156118e-01
1.162902114176444623e+00
9.051185747116141656e-01
4.583828756401721050e-01
5.977108800826630430e-01
1.856821665813304989e+00
1.408662045027697651e+00
7.233412057093070446e-01
1.102627104701865202e+00
1.199293605712069333e+00
1.338622916951444974e+00
5.085162685027536655e-01
5.006100304161817949e-01
1.703873824663336256e+00
1.650698045665938807e+00
1.921533422002236868e+00
4.567490218125379586e-01
1.145339585961817397e+00
1.699475672984432473e+00
1.665000212770981314e+00
1.758310568126163709e+00
1.043224634962009567e+00
9.777915623169661785e-01
1.219300010722326189e+00
9.614183415920001252e-01
7.287634268734334286e-01
8.212226061662450949e-01
1.337659656745202152e+00
1.049100085481082800e+00
9.491990294192333977e-01
3.962503350593260532e-01
7.780616105597453203e-01
1.629598190816802017e+00
4.625694612483755019e-01
9.899969635393152112e-01
7.713253430618999262e-01
6.774789334680151320e-01
1.523329989691620368e+00
3.983514983275709964e-01
1.279800503040476212e+00
1.251201418973023172e+00
9.200139336124590894e-01
8.706685650392189668e-01
1.132141195234125153e+00
4.236591251878075726e-01
6.717725781919259287e-01
5.621459078020386579e-01
1.050061182618673872e+00
1.478797723531925845e+00
6.319780525421634376e-01
1.634976531529108712e+00
5.435122957616396189e-01
1.741765521339427858e+00
8.914813294863157545e-01
4.139908827997214047e-01
1.083259992756650636e+00
1.177468732226413239e+00
1.302242678351071214e+00
1.798497347620213072e+00
1.792174362101881524e+00
5.424236050110160523e-01
1.022566790528680825e+00
1.096016543877313065e+00
6.891814237754918526e-01
8.991188008953238109e-01
8.396841200975838637e-01
7.261560788302454661e-01
1.255557906671459945e+00
1.292812182593060299e+00
5.761839324322841627e-01
1.386616119437407146e+00
7.932333247404342869e-01
6.848114501280970767e-01
6.192984435959953959e-01
7.921988955957143252e-01
6.154242459934775589e-01
1.033062529735150337e+00
6.725319775061905370e-01
8.610550434872450420e-01
1.669418169943937880e+00
6.520773368708495665e-01
1.601099298662733483e+00
1.167309518677490221e+00
1.716563175048934964e+00
1.240713527837526087e+00
1.548316757885455752e+00
1.239891736877465789e+00
8.947603773792968118e-01
8.412562806352695821e-01
1.351766465903315062e+00
6.379860515454138792e-01
5.245719237672608060e-01
1.166073201950820870e+00
1.643332848553322734e+00
1.637279369712357546e+00
1.453054064043358018e+00
1.513779691617261225e+00
9.265317305750635501e-01
4.338994533236510409e-01
1.572267487365518690e+00
1.082003489345252145e+00
1.211482809782340908e+00
1.415051656556574722e+00
1.047831491085075672e+00
6.731788352383814011e-01
1.145323078572230813e+00
1.412331359775187867e+00
9.505220313255212661e-01
2.776961501303496505e+00
1.112368381961371444e+00
1.000189554340705556e+00
9.201604881821231485e-01
4.901820928167957003e-01
6.700021138411599297e-01
9.582876837641108869e-01
1.025950941467911548e+00
1.506669645650150269e+00
9.001358073525318471e-01
1.117414763344917628e+00
1.813998831918699040e+00
1.435429142574852879e+00
1.428810773524293420e+00
1.311140004424890870e+00
1.355180087559183510e+00
1.084864005663158659e+00
1.660993415847114019e+00
9.703044179253168533e-01
8.142518769457619543e-01
5.314361441486457061e-01
5.830287081987569620e-01
7.921637564461447845e-01
1.377700450266532428e+00
1.676958431316668552e+00
4.608970659418381577e-01
8.146014610892720054e-01
6.120325229027996361e-01
6.270482113956499237e-01
1.285513214034542662e+00
1.367859131580176024e+00
1.128065129525344101e+00
1.230365036311907634e+00
9.171068142024787484e-01
9.342665903329721022e-01
6.245543440672660651e-01
7.289968263268973292e-01
1.307160171873739340e+00
1.602122815789307930e+00
9.165759316697115189e-01
1.377176593175586383e+00
1.031195768288492021e+00
5.704712175900576998e-01
8.023544141237104466e-01
4.748225151686826795e-01
7.987500171523358450e-01
8.063903847262177127e-01
7.033973292580925074e-01
1.025683938694819775e+00
5.954444650371013559e-01
1.860572765054415045e+00
6.709913183865104935e-01
2.026900162593149535e+00
6.850826948510285730e-01
5.799727743511353673e-01
1.764151370689577725e+00
1.110329924406592506e+00
1.350690510136554057e+00
3.450494185397540159e-01
1.002743402759715963e+00
1.408148060781213795e+00
7.060986672707093570e-01
1.959040416655701611e+00
9.681158236329279188e-01
1.253362670082389219e+00
8.820878595837421399e-01
7.976270669249133638e-01
6.619629432304134919e-01
1.150037248475320073e+00
3.322844788582749453e-01
1.160066584860058203e+00
8.874028269880304132e-01
6.708071615642381413e-01
1.099056058264197278e+00
9.552298060563862991e-01
1.573222681745408247e+00
1.104771822971544193e+00
1.911377067896158355e+00
1.662313915536279829e+00
1.172105198091165423e+00
4.444482647524998775e-01
8.087124417625062289e-01
1.567829356854963052e+00
1.341399501342524836e+00
8.495457162003055007e-01
1.562437233445755025e+00
7.070891878883627246e-01
7.851188754065517861e-01
4.952538948210346570e-01
9.423772754115907757e-01
1.496939256868158541e+00
4.433047197886262891e-01
1.364631641268067908e+00
1.360246527403985661e+00
1.074304580846016322e+00
1.041307298689331695e+00
6.893912561852364451e-01
8.011952775698804041e-01
8.897920519313051724e-01
1.187384081544593739e+00
9.632739120846107728e-01
1.443601974437023872e+00
1.354306283235265251e+00
1.336750759264124344e+00
1.658789457284695068e+00
9.877066824797293698e-01
7.054242498874938594e-01
4.123023581646041436e-01
6.334821057444999237e-01
8.565495974591648132e-01
1.156914066500247973e+00
4.833862388521328324e-01
9.644967103645554207e-01
1.254324797753967768e+00
1.612893447227205845e+00
1.362374278007381090e+00
6.597659347230042659e-01
6.357958589388365001e-01
5.770742714317986799e-01
5.973993366789395187e-01
1.402333071937441833e+00
3.903400614268182078e-01
7.502756304799111930e-01
1.663989839805228410e+00
1.181255211176168496e+00
1.387284957261780693e+00
3.592447857695988955e-01
1.025390443888583469e+00
6.203437322566209833e-01
1.173553630708042972e+00
1.180621390733593401e+00
6.293931551528271218e-01
1.133510602200690442e+00
1.806300853445130139e+00
2.605646695738528806e-01
1.144542198826902446e+00
1.234404065386317972e+00
8.615731019679501168e-01
1.356456651086406229e+00
1.007947385529976536e+00
8.546936525797145245e-01
9.087524932236998865e-01
1.084789841740728011e+00
1.610698916519839319e+00
1.535147727750068025e+00
1.164661305220242804e+00
8.236782478762558757e-01
9.638951378142242010e-01
1.003253379928586542e+00
1.070556865766067123e+00
8.445188789343361924e-01
9.024140930131081539e-01
1.146860314119459545e+00
1.090176272190124251e+00
1.090730912977772693e+00
7.052590384830084158e-01
8.529775097985450305e-01
7.830898038012505946e-01
5.261998746829159579e-01
5.331012300246178448e-01
5.823777681541318918e-01
9.480037029840117091e-01
1.106163019234422284e+00
7.366839296003326876e-01
1.343789906724943251e+00
8.615122961978862737e-01
9.954920205559909530e-01
7.851285089794630689e-01
1.977533471509416163e+00
1.095058335813533068e+00
4.559628151391900142e-01
7.612225731525681383e-01
1.162024152810201549e+00
1.215783761194991541e+00
6.792025206024505657e-01
1.455231328509585254e+00
9.436801237394095709e-01
7.708582134440110645e-01
1.553361361630257509e+00
9.125494705376721027e-01
1.333810414362908814e+00
1.150635117290063958e+00
1.686094329844742390e+00
6.423964168854455759e-01
6.884054656581176657e-01
6.469397376457101112e-01
1.007799007488932697e+00
7.741918845930728654e-01
6.541000522750494151e-01
5.933560466358440699e-01
7.256162149565585917e-01
7.264535177545430322e-01
9.475286690801816292e-01
4.867751139416293116e-01
1.210867429315614086e+00
6.353880424428366425e-01
1.109058922068819841e+00
1.247390028415540364e+00
1.487075797842135838e+00
1.127798017715025969e+00
1.164074492953916629e+00
1.062359582099199784e+00
7.888117894284969456e-01
1.319243651529796502e+00
6.595334521706777142e-01
1.571851110261752726e+00
9.728296326633127933e-01
2.164977889660621102e+00
7.678867917707712376e-01
1.278377241442113288e+00
8.241060356613935101e-01
1.369313366835199774e+00
7.164447592620654115e-01
1.483260580410434404e+00
1.414633431031470767e+00
1.303600557481083388e+00
6.602501110853740141e-01
1.167909310157428049e+00
4.094690023739581686e-01
1.022425536150424641e+00
1.150638556834392645e+00
5.406024635149155877e-01
4.679601043181679243e-01
1.202342408837472565e+00
9.971283131350675566e-01
9.782883315794230761e-01
6.888013853608079273e-01
9.300282280661195111e-01
4.483166676192685829e-01
9.483269975787782524e-01
1.256553722840238363e+00
8.569778865520850664e-01
1.066449533288194029e+00
3.015743994583385268e-01
8.114018070419891648e-01
5.385451165417605157e-01
1.438739776898743994e+00
1.152053765452778045e+00
1.034390897142171584e+00
1.007973931057274841e+00
4.938524142301894404e-01
5.442459779735910885e-01
6.819167566649468881e-01
8.344755210706787940e-01
1.294134825052855930e+00
7.635434297852738972e-01
1.528923703884375040e+00
6.669431960669938153e-01
1.022007521390177143e+00
7.144660366775862359e-01
6.485971383912074728e-01
1.297193631065814756e+00
9.920465257786041935e-01
7.982997908399317444e-01
2.122652158757861507e+00
1.705607896866388806e+00
6.756816056886514321e-01
1.068613140814995255e+00
5.739732131530048687e-01
1.602537511802721415e+00
1.417949978316056514e+00
4.319536935654748611e-01
6.868609242208474353e-01
9.417476712016329410e-01
4.299450883211498042e-01
6.871556898585310380e-01
9.755508717793479612e-01
9.104391584824240713e-01
1.434082031863604723e+00
1.245979584947590313e+00
5.502537260076236780e-01
6.273542363151378698e-01
6.400140180510092147e-01
1.150800547960211695e+00
5.835333959970392392e-01
2.148665604714526722e+00
1.435124365944598468e+00
1.844817201715971633e+00
4.955745115908424814e-01
1.464258017917039245e+00
6.848783003475794606e-01
6.670276237531878039e-01
8.948610329498589699e-01
1.717945752898789369e+00
5.187869103883684385e-01
5.365920466713879344e-01
8.440812327267017690e-01
7.255208405975326347e-01
8.599475124737119280e-01
1.429857692590214224e+00
7.595124954318087651e-01
9.678135556227249747e-01
1.013875453798564807e+00
9.866434033432747164e-01
6.319115083888181550e-01
7.766280992019046758e-01
1.050193402789443287e+00
9.741494087370716759e-01
1.494465379561656926e+00
1.049698910017149656e+00
1.064835096151428129e+00
4.379761561024850258e-01
1.718843935514175580e+00
2.032251982575123073e+00
5.221858096969680396e-01
1.363453546588673682e+00
7.746662924022567065e-01
3.352048754193897584e-01
7.452347607367971749e-01
1.536769533634219753e+00
9.537460723494589621e-01
5.729211428204361578e-01
4.716190061540048162e-01
1.165012625809296765e+00
1.006405785852328760e+00
8.482172231824264275e-01
1.524837222182274354e+00
1.089927149552014418e+00
5.976952783259139590e-01
5.981642006005070122e-01
3.230773203702204110e-01
6.843659407712727738e-01
2.464532701597875519e+00
8.941345804583941126e-01
6.903575503529056911e-01
1.219781429902897951e+00
1.264241900185739009e+00
9.071987718503954357e-01
1.256218251168037980e+00
9.767401016077756903e-01
7.498729833033641601e-01
1.494006837796615361e+00
9.983603815474946241e-01
1.795761456823115054e+00
7.339218203301323129e-01
7.059922979851351865e-01
7.841022697737605185e-01
8.451937832347913293e-01
9.098430212678607631e-01
8.784753617712772744e-01
9.523113401883454010e-01
1.317694609569085573e+00
6.640257406092018311e-01
1.661447644110654265e+00
7.750534268072437616e-01
1.335015479157906748e+00
1.838583027536207393e+00
1.607026934267165474e+00
1.470522223980319509e+00
9.258027254012575202e-01
1.213530500641131882e+00
1.172521085249397021e+00
1.126775245201427023e+00
1.303920792317664112e+00
8.192854799815929567e-01
5.557363057920970961e-01
6.213926231517771237e-01
1.528476433257933476e+00
1.126747096382801683e+00
9.070324774157132453e-01
6.528137132268518883e-01
8.350744505997833578e-01
1.354502818782846507e+00
8.820786344021112058e-01
1.013565402619506894e+00
7.714297660462904327e-01
1.176643222511283060e+00
2.957450153065618315e-01
7.972302849964091331e-01
8.711658991472003288e-01
7.298565505015874866e-01
3.130134055034334839e-01
1.087731847738302893e+00
9.629881894067537917e-01
1.514411536070949582e+00
7.024461828842399891e-01
1.405699167915737124e+00
