2.880276539442771511e-01
1.472359306657725853e+00
1.790963391347629274e+00
7.764450932584630038e-01
2.305716603496896777e+00
2.961416471473512946e+00
2.161980923203541127e-01
4.560108044833959678e-02
7.049156771466851268e-01
4.837497353798442257e-01
2.434852601857852294e-01
2.203507359856044179e+00
1.399711704716015470e+00
9.679584288024136729e-01
2.534700223475859993e+00
1.172589036900262505e+00
1.502304502497842087e+00
6.548250036423827192e-01
2.151528499082237644e+00
3.590202370249825914e-02
8.980071898851824108e-02
6.178398368715481981e-01
1.270004141930887842e+00
1.734887719375333703e-01
4.282598564476981506e-01
1.194183987542756453e+00
1.985417414805995318e+00
8.168751071981076306e-01
7.153161318179053207e-01
5.377271591172325671e-01
1.598810820513411279e+00
6.962215585185665967e-02
2.557578688604519535e+00
4.287584911995533377e-01
1.052933085069594377e+00
1.161198602883811049e+00
5.918922603709266816e-01
1.153713152351328042e-01
1.227043883932781299e+00
6.949397733593671855e-01
1.024832829335708961e+00
6.611657586466923586e-01
2.278143273678614744e-01
2.166996089679460724e-01
5.840609652832888798e-01
9.955272666313369490e-01
9.862461776569418914e-01
4.810969867244194731e-01
8.883382928162770753e-01
1.202025849803811886e+00
2.345137859261803293e+00
1.513160158377084619e+00
2.615044048270591115e-01
4.017303365097262713e+00
5.590996859454226975e-01
7.559171806049783671e-01
5.979355082259522058e-01
1.380673685298922981e+00
1.213463849211766421e+00
3.755846613392800903e-01
5.649649238296767795e-01
1.202893230921645018e-01
2.675687878991011570e-01
3.144581586060488099e-01
8.728766275089182292e-02
8.231481425815138087e-01
6.211481483619442079e-01
1.056919762229998838e+00
6.892680985061744314e-01
3.633611628853026243e+00
6.253258237380394657e-01
1.386166820812761102e+00
3.215838272902549200e+00
8.889438252002846985e-01
4.311852862229922922e-01
1.509413092515716981e+00
1.969487774924945089e-01
8.483633541326883742e-01
1.549797741798528916e+00
5.127715285598304362e-01
1.614168596483568585e+00
1.056710120686041199e+00
5.648525300925096859e-01
1.765615102915014223e+00
3.278231242965961023e-01
1.400174121376472069e-01
9.806780557431178658e-02
1.626299130317838904e+00
1.451931052431846947e+00
5.608975030641077941e-02
1.416592062663388107e+00
3.119572542992000486e+00
2.937658260438798408e+00
4.078192936856175899e-01
1.306223854815159457e+00
3.632195456162395225e-02
6.801981368651426330e-01
8.476597609492868557e-01
2.151694168801321916e-01
7.080250911361546384e-01
1.554262022451476044e+00
5.724937365892412977e-01
1.131721411740709726e+00
2.810176369236650817e+00
8.460125508085927226e-01
3.667914883249905056e-02
1.967039740267624293e+00
1.559445855018195271e-01
4.891511593074747921e+00
1.612700817315652069e+00
1.392805090116169930e+00
8.704663951072757477e-01
1.060358046672747800e+00
2.392447192454913996e-01
1.446110375105411405e+00
1.493282291372208803e+00
9.004672185223452363e-01
2.148144969576798458e-01
6.129668586169255695e-01
9.673304804022291314e-01
1.272447788509563305e+00
8.640726674817567066e-01
2.245729321097710951e+00
2.715321450562512839e-01
1.176983291740046900e+00
1.365064889961485617e-01
2.632550828845363067e-01
1.360506097157092142e+00
4.029324192504310509e-02
1.766272281865860494e-01
8.141972344499667003e+00
3.665551384102042065e-01
6.552859178970386056e-01
1.225689610844699295e+00
5.789592110365022748e-01
5.110341778836730020e-01
2.202701186233721575e+00
2.507289205902563656e-01
4.984115032386736144e-01
6.989310780843058790e-01
2.533498431679004903e-01
4.137988266857225428e-01
2.028131219096998450e+00
1.305682153694094350e+00
1.642254010419224031e-01
3.695707673920886616e-01
4.348862558185601634e-01
1.913902012384751661e+00
2.067025538291487607e-01
6.182842535693775510e-01
6.527283002284779201e+00
2.217839979402617123e-01
2.628294645447355471e+00
6.204491404152249201e-01
3.764709999789576655e-01
9.303370743722965130e-01
4.837266924218016628e-01
4.121402657217214660e-01
2.142122326631164531e-01
3.520907030700417994e+00
1.778748712206833948e+00
1.374400262337486689e+00
6.958751294626404071e-01
2.660357576310618533e-01
1.233169796812803476e+00
5.030500648615080506e-01
1.241791809417732706e+00
5.184721870519114484e-01
1.669027204186094737e+00
2.916687610843348821e+00
8.415301520747566766e-01
8.387124520085905699e-01
2.663969369544486043e-01
3.302643134965532190e-01
2.138186569378612845e+00
4.970436446277981535e-01
6.130507901593902631e-02
4.027972965786501547e-01
1.499487567689689493e+00
2.416135348466739607e+00
2.684995875144517985e+00
8.017309292039442870e-01
4.588257023957869052e+00
1.921784927931184939e+00
8.164960470126380043e-01
6.967652212870818484e-01
6.776027423091235402e-01
9.840828886179410484e-02
2.906294916554386654e-01
2.980168574812969706e-01
1.361263324945015674e+00
2.029932096766625116e-01
1.839440748068159326e-01
1.158720418150610776e+00
1.790756180467466263e-01
1.010718242054885613e-01
1.797642722175046393e+00
3.003375123176794670e-01
1.054908210145902414e+00
1.379560049424065182e+00
2.611556649053503043e-01
4.730950486104543162e-01
6.125803476500288891e-01
4.009534013728917046e-01
1.027455787887202820e+00
1.051308219780026532e+00
9.863037701410936053e-01
3.528071443573097543e+00
1.816027578122889619e+00
8.412315860421234470e-01
3.173289798454554056e+00
3.188015019999513866e-01
2.361918150966540342e+00
5.149018717950245572e-01
4.001341506267016013e-01
1.112156834847731979e+00
7.092272121485906355e-01
5.121461330326687600e-01
1.624847646879815644e-01
4.445744397237647028e-01
2.475077928527650295e-01
7.901409525480157514e-01
1.649987510147197245e+00
3.449693764847305277e-01
1.867861627848086181e+00
1.409634946440360359e+00
4.560368635594548081e+00
2.590490020499875978e-01
2.282400465560528724e-01
6.768754070729252614e-01
6.986631108562638692e-01
2.932612656485838465e-01
1.739460003654783815e+00
5.327281912687001353e-02
3.581378442210534918e-01
7.858528253992694834e-01
3.627967218471046806e-02
1.672027570025705345e-01
5.162166443404145877e-01
1.213019220707937107e+00
5.923767592459774356e-01
2.885608178592303785e-01
2.784865697136968965e+00
2.321763012677643401e-01
5.462713898928889256e-01
2.149575044380923838e+00
2.417667203645939011e-01
3.839242921049179080e-01
8.082525869896482751e-02
1.491517141674831570e-01
7.262105780122506404e-01
5.523135279976714163e-01
7.821807828841504939e-01
2.417522399133567923e+00
3.081503025020415620e+00
4.780921274198189630e-02
9.096653697068495248e-01
2.104946601184246813e+00
4.909583923088312041e-01
4.765236817923920731e-01
3.878487658739692701e-01
1.978965701224291995e-01
4.450679333305552349e-02
2.178727440597272302e+00
1.462300732129114156e+00
2.142219872670558800e+00
3.639741510934992874e-01
1.295613730833698574e+00
7.913081610190175752e-01
2.023073285571181934e+00
2.521686601015157153e-02
3.603186243801980160e-01
5.983370582786239344e-01
6.779482071775498886e-01
2.369383522816847359e-02
1.305949527090111140e-01
3.732415412849984238e-01
9.753956297538320941e-01
2.099788021986391806e-01
1.834803299642317753e-01
4.757638086998260962e-01
3.133822399400147063e+00
8.656068298918599968e-01
9.896575589718168420e-01
1.904623424377334118e+00
1.537674825506975873e+00
1.071585986738497143e+00
9.632823734908250168e-01
1.435247060760920790e-01
9.174312158205187862e-01
1.044739767770238720e-01
5.680701874230762449e-01
8.427004230016506003e-01
1.563842932473142211e+00
1.528364342219910910e+00
1.621678308548071712e+00
2.876862740157533072e-01
9.293969182552557218e-01
2.263856977726215192e-01
5.205139565413666736e-01
7.893194332197243923e-02
5.018153948106808537e-02
1.152855009709314427e+00
1.820032544117317908e-01
3.800994271344307229e+00
1.879701903563899323e+00
8.878708006697598742e-01
4.656822919007665429e-01
3.253207812890448469e-01
1.568624263140764086e+00
7.919339873128075080e-01
1.137541597661941406e+00
7.728543791266083707e-01
2.998225588965128363e+00
8.423890959898202579e-01
6.721875424568320989e-01
1.203693317362868109e+00
1.534383011911361727e+00
6.837983102895801579e-01
1.762788255455192410e-01
1.521291413290212446e+00
2.609959086952254315e-01
5.648114552441276803e-01
2.113039633808473372e-01
1.236563215794570736e+00
2.800379650357166517e-01
2.014169018539276323e-01
2.032586960767648332e-01
1.646632554406554982e+00
4.017290177090797054e-01
2.372256730943194558e+00
1.491645935585096394e+00
1.605067644544087679e+00
1.463704523051640116e+00
2.344701929437339682e+00
1.558341565918898830e+00
1.954911478418722703e+00
1.417041920547950973e+00
6.055169541552478663e-01
1.434290993640082057e+00
8.533769222854004077e-01
3.677158530075736453e-01
1.495127963850278796e+00
1.885915733214889589e-01
8.964143499242205326e-01
1.138496458200307648e+00
5.031787204092474930e-01
1.687794738736735356e-01
5.542906032538731376e-01
1.284969535492158643e+00
1.124295416951364590e+00
6.356991474819462251e-01
1.058720487864676096e+00
9.719596462760845546e-01
1.545450661013670138e-02
1.188336835638808819e-01
9.691024449023538656e-01
1.179126309558756469e-01
3.567167698121950226e-01
1.664483687495117881e+00
2.695973556610860911e+00
2.835808753996815756e-01
9.358199458832171524e-01
6.882686747886386236e-01
3.431149787570296761e-01
8.901798843633652591e-01
9.928420346600316249e-01
1.834334502571155934e+00
3.145848489170614659e+00
8.497308176132518653e-01
1.588777484797703199e+00
1.829039368235329421e+00
1.960360150426352588e+00
1.115001652896247863e+00
1.205423772831350493e-01
2.901739247843759251e-01
5.568811145125314610e+00
4.400330086773817338e-03
2.018615724332092576e+00
2.421693804125221838e+00
2.916397387058651813e-01
3.957342759402576182e-01
9.734926424087836372e-01
4.310721692986043130e-01
2.738973417623798978e-01
4.655443600330893550e-01
1.184297331496506622e+00
1.545595548870708491e+00
7.624142108757391290e-01
1.113152147415289450e+00
2.810526839965042267e+00
2.816205564885881918e-01
1.441067270790625798e+00
2.609956962899576682e-01
1.936195092247468552e-01
9.685378293936235394e-01
2.303437336274644087e-01
6.430989814692865680e-01
4.207204293252915228e+00
5.069812745286057520e-01
8.347645496977871282e-01
4.477469535461421346e-01
2.018585774473884986e-01
2.134233806775903908e+00
1.780827915243260895e+00
3.951387983026551698e+00
6.033070651704540710e-01
2.441450338880927495e-01
6.233964142267272024e-01
1.980137552735640460e-01
5.822417457769242244e-01
2.190211130131842487e-01
2.521069774304405264e+00
3.392212970100449976e-01
7.714905299848647813e-01
1.927160666910864573e-01
3.006947321954568930e-01
1.778857598464784751e+00
5.555528055920688768e-01
2.243587740882475590e+00
2.615366583356401597e-01
1.257721714742782382e+00
2.961277819051614801e-01
2.015956596409241186e+00
2.207487114821814894e-02
1.917495500504649453e+00
6.240372321350213802e-01
6.009917846928024970e-02
8.772144371389075657e-01
1.179173283598054622e+00
1.373377004672320156e+00
1.505688844252468295e+00
3.132645592814959468e+00
6.451158028257086841e-01
7.895326521844913126e-01
4.078624054363689244e-01
1.357166686632229391e+00
6.371673965430911801e-01
1.806638921207449400e+00
8.826807202155347865e-01
2.054315141992619331e+00
7.069737066673535963e-01
2.163714282162705338e+00
1.686995030329459855e+00
3.583209713434811317e+00
4.460647008529780577e-01
5.374432175725085692e-01
2.111386372326756522e+00
3.426471333226757676e-01
5.057751454712587913e-01
9.859588897648436934e-01
5.208501303406691818e-01
3.046619864019473933e+00
1.366243467530580125e+00
3.167456704982320570e+00
9.041193388930128805e-01
5.957549775475994014e-02
5.138546229597407144e-01
1.278583556129261778e+00
1.004218188036467008e-01
2.136961603501058349e+00
4.315290848681260782e-01
8.225036697583067991e-01
1.077440430908143343e+00
1.142311497714380675e+00
1.756191054283488651e+00
1.206271795406332448e+00
1.172024662176000431e+00
2.013599719626431916e+00
3.603014769214792912e-01
2.040479914268497619e-01
6.685437405305147962e-01
8.086973754513134827e-01
4.244212608216775262e-01
4.569142408674411147e-03
4.887079316127574957e-01
5.833041455424486932e-01
1.094138213355631883e+00
4.106741982720309991e-01
8.516388438668259786e-01
1.721811528676011893e-01
4.127269762117257157e-01
3.893648735497790003e-02
1.384278945253873405e-01
1.942738004134106911e-01
8.338876395352222692e-01
5.345139662067856179e+00
5.012135650583523505e-01
1.048805722182901468e+00
2.722724080971533622e-01
5.003814362847697206e-01
3.907259926606421740e-01
1.853889946548772372e+00
1.587810163290493959e-01
2.850033283291407149e-01
2.183525027253632178e-01
6.097453558486480851e-01
1.795538415120883968e+00
7.428612974661911172e-01
1.960926203902143117e+00
7.258768063754574840e-01
1.053407287403071768e+00
1.932922606629016993e-01
1.626717191641856797e+00
6.469509010090128687e-01
5.250576118737837472e-01
4.846607662543590545e-01
3.924404504764607560e-01
8.398360807308764553e-01
9.102547143073087543e-01
2.047639342272456961e-02
3.584064013780878244e-01
8.074730362206736789e-01
2.641372181652162227e-02
1.086956683430026382e+00
2.186335173133085452e-01
3.274759235171178506e-01
8.015961942381924499e-02
6.347566005781062337e-01
2.231431674915280994e-01
4.605512821563876535e+00
8.228670053084966574e-01
3.363698042727324977e-01
9.379635478756051525e-02
1.154642338586799211e+00
1.944336230576111657e-01
5.602156988837324603e-01
1.065157996955484521e+00
5.339267144754975547e-01
8.326328616795319881e-02
2.626405778640567679e+00
2.568437570464344510e+00
3.848420184076449813e-01
9.630036896432492277e-01
1.330539801779696107e+00
5.005640571911452730e-01
1.864426013882534705e-01
4.667551964054088010e-01
8.121296941968679794e-01
1.111784700908754697e+00
1.407186627346829200e+00
2.832081947280907230e-01
1.606941580512029510e+00
2.173582393489165709e-01
3.257854723893913729e-01
1.200956294558598758e+00
6.818569542589062449e-01
3.515306009934615172e+00
1.038011532880651400e+00
1.844462027708814400e+00
6.887494144250935202e-01
1.851802247998657613e-01
6.162945038374481044e-01
1.193891059267141008e+00
4.857177805290567862e-01
1.278619659093737315e+00
1.296387918194576327e+00
2.205910514299995462e-01
3.704908486741794960e+00
2.721196517380484181e-01
1.565866829622169387e+00
1.491173207366911946e+00
3.428744354237250325e-01
1.357338810983861888e-01
9.309938450941901422e-01
8.744078756628327620e-02
4.675222445275830641e-01
8.727812491396422789e-01
8.057239950199472922e-01
4.329029792844891200e-01
1.059917482697358526e+00
1.134091459733538976e+00
1.001153904207929601e+00
1.986531211684536558e-01
5.718521470494816045e-02
6.471900737637922285e-01
1.106953742683822073e+00
2.111321617648130644e+00
4.477316220082645515e+00
6.460319652836382653e-01
1.014610990987945494e+00
8.627928204036545701e-01
6.948757922427988287e-01
1.969210872747142738e-01
2.242958538779360467e+00
3.499283305504051755e-01
7.574243965130517120e-01
1.496287882870905417e+00
5.992682086605223279e-01
7.680687385872327910e-01
1.091592160582724180e-01
7.648984445232474005e-01
1.940643031569058374e+00
5.120658056348539322e-01
3.678448573820369272e-01
2.190111379420542903e+00
3.808510543217220601e-01
7.669186960423154398e-01
2.748102521052591563e+00
2.512177010898390961e-01
6.381956509572792591e-01
2.131285133610534288e+00
2.387175647664080413e-01
1.237092230314789765e+00
7.069777996333173054e-01
2.870047108021591686e+00
4.067729056593168302e+00
1.260672285334418774e+00
1.034747170715492326e-01
2.708696678658573109e+00
5.487776920971784156e-01
1.348374371039519737e+00
1.478814412119679345e+00
6.379816349226286043e-01
4.474675494646284668e-01
3.778242353941577841e-02
5.870412295880264031e-01
7.916019175369757299e-01
7.762469124615614668e-02
2.946288279968644480e-02
8.550480999727231302e-01
6.553101465090699351e-01
3.080954006828878100e+00
7.579098603526845945e-01
1.895824692494146591e-01
2.126235432080915366e+00
3.663531412219960814e-01
2.602594854094912424e+00
1.997772831532230509e+00
5.723916166553030260e-01
1.174953330564979748e+00
2.053387223654353222e-01
6.698664041112040168e-01
6.185436663158085935e-01
1.617933082376975751e+00
1.702092365588970591e+00
2.772260070726684789e-01
4.559283824565014243e+00
3.605405786566429627e-01
6.795509404360724481e-01
1.191149373643514281e-01
2.033249144097367900e+00
5.355243945925410864e-01
1.135530733373496304e+00
1.416659246113927351e+00
1.432461653252040223e+00
1.207567785644829556e-01
1.305584001118991755e-01
1.453155092538588100e+00
1.992949880603438473e-01
8.979824201419105423e-01
1.240255097195711365e+00
2.771208985287223925e+00
1.600685624231280579e+00
1.277333102632638884e+00
6.368806741201131771e-01
1.390629333509651788e+00
6.300361550711950365e-01
7.108808734334842727e-01
1.874933477510084545e-01
1.356377250994842854e+00
3.324192838038867670e+00
5.166412139132618708e-02
5.322371363665587968e-02
2.205144632733927190e-01
1.607517501781015712e+00
2.385185750085841772e+00
3.470204620713076005e-01
6.108965122037426365e-01
2.552945914796573845e-01
1.506134699920558262e+00
1.480474205135806409e+00
5.027171166171653383e-01
9.577430052383047177e-02
1.474594541775004153e+00
6.352361868727952610e-01
5.808485065343294007e-02
1.096282362871995097e+00
4.674909118903221583e-01
1.796101243810148906e+00
7.898858046944433609e-01
3.888848788430916970e-01
9.061428776752431524e-01
4.743513183044443249e-01
1.319842510699052340e+00
2.337410699688458937e+00
1.162671378286354473e+00
1.332909530537645937e-01
1.434346335760408708e+00
3.643740541868041749e+00
2.495216870450185365e+00
1.890331814921441533e-01
9.664236735808838796e-01
1.272715515341907855e+00
8.550991714369979846e-01
3.309053535813257785e+00
2.239432167916340255e+00
2.904170363921950715e-01
5.823585205061139192e-01
1.166502298937835080e+00
6.137523982656439836e-01
1.312576241798121046e+00
1.258548585991807522e+00
9.859668265998786651e-01
4.564435844433910039e-01
1.436266067848428030e+00
3.636529148299500608e-02
5.078972403650382494e-01
1.925409524093167457e+00
1.909438660004447175e-01
6.424230355214507471e-01
2.077155721731013482e+00
1.960597650197427599e-01
9.305516523958194952e-01
1.460131450362754713e+00
9.199198500503950049e-01
1.601871438983571705e-01
1.683334074387143331e-01
7.268807209861460894e-01
3.601604469780598228e-01
1.923084508471282206e+00
5.168721141169271283e-01
3.421336286546228234e-01
9.180590736632742166e-01
3.818169688560808517e-01
8.579396992345476869e-02
5.003578545311715420e-01
1.077843122663812991e+00
2.257708775158272729e+00
2.909245879058141027e-01
1.308135773190306939e+00
3.687989437058334374e-01
3.228035279492508236e-01
8.411200862249960108e-01
1.983351960912974166e+00
9.426108479720948785e-02
9.993299207529912631e-02
4.479935869775122370e-01
6.899820468889608094e-01
8.248183147729198916e-02
7.850890355167375878e-01
1.126497868004291858e+00
1.230666538325838832e+00
2.465118635133332070e+00
9.529325402348873264e-02
2.293015332841516152e+00
9.206467822262086598e-01
6.544083846148098793e-01
2.402803958219961622e+00
2.476335027346667772e-01
4.593540932624071704e-01
9.860155950292533167e-02
3.544046274259230467e-01
3.817394793093130123e-01
4.740840564258020362e-01
2.474509639510711900e-01
2.074539548338778960e+00
5.237408946897641471e-01
1.565292691308215689e+00
7.442214862628538929e-01
3.541471968773869383e-01
1.147255100271702632e+00
3.408028210800564950e-01
1.407480920528841217e+00
5.814873241678290006e-01
1.453504124422666965e+00
8.663122821402147178e-02
5.157385578026777440e-01
9.274975776115628179e-01
6.754822601594835663e-02
2.903852523599338653e+00
4.303356483525382359e-01
9.945988403589319793e-01
1.529662729944140542e+00
1.359217561059602675e+00
3.896428956455462722e-01
2.292747637211385858e-01
6.582897440614595697e-01
3.693745113213958042e+00
1.084773119123406682e-01
4.866988473925054626e-01
5.722283563159672459e-01
5.465220009952692637e-01
4.884311936739303972e-01
2.969312299664346178e-01
1.859330437686992576e+00
5.589485246962492271e-01
3.042664894110220231e-01
4.153823569549650041e-01
8.997229990184330006e-01
3.009300883004895066e-01
1.440510912193168958e+00
2.438944982745346740e-02
1.849963680177944880e+00
2.942182270718907700e-01
1.149651618106261319e-01
4.423130067953726097e-01
1.342353621095131233e+00
1.144258092003861638e+00
1.015367548560436539e+00
1.922026832895469273e+00
5.332527967428074556e-01
3.371529424867953484e+00
1.405114491870852467e+00
9.147094045002096552e-01
1.787001686307397585e-01
2.227057642463136367e-01
5.275091738955531850e-01
4.675958104207205701e-01
2.294142956591008975e+00
4.104089114465316879e-01
9.438310977226779253e-01
6.521553751774214480e-02
8.431405320997888975e-01
4.540508975347667953e-01
2.192746735051905649e+00
4.504296723607413844e-01
3.202396837237753147e-01
3.983393739512082643e+00
5.332205778046691380e-01
1.234955111331958122e+00
9.135148868060427585e-02
3.470739596850631603e-01
8.563386440969079638e-01
7.683252719619335647e-01
3.152345756697955692e-01
2.560415768572314121e+00
6.529795583171993378e-01
3.182146485786586099e-01
3.244341566693820789e-01
4.030981337983256196e+00
4.461924067130763616e-01
9.141174372289573302e-01
2.462420062348111977e-02
1.151883416331676013e+00
2.275146307403397739e+00
1.277032434838743513e-01
7.576731416055509927e-01
1.772389767682850170e+00
6.163544645132162936e-01
1.229129661696023668e+00
7.522695841035875741e-01
1.026597463592840320e+00
8.586029170788934961e-02
1.521892896217047708e+00
8.992410542277197161e-01
1.022474836495432360e+00
2.537468696151212177e-01
9.158588348880941643e-01
2.926484905528194402e-01
2.233852270952270125e-01
2.882268555130201859e-01
1.077852480023780091e+00
6.203517440305037489e-01
3.250090486316101757e-01
9.197022139649080330e-01
9.377939477940699931e-01
8.588346250481976307e-01
1.071861021615382104e+00
6.391694949533988090e-01
2.345208412913230567e-01
7.344647548144986882e-01
7.961651007509188416e-01
1.123777960948870280e+00
4.002420902331576547e-01
1.441807055851813901e+00
6.922727904980630065e-01
9.684660662932973452e-01
2.393137642965679657e+00
2.953938657340498541e-01
7.962105279601113805e-01
4.396766962494894626e-01
1.813562289874774969e+00
1.298253028365504491e+00
1.015057496561712735e+00
2.887611899150828609e+00
5.199827134017558361e-01
1.287215398290730006e-01
4.150366536694197195e-01
1.489287804329958220e+00
3.718716705078973228e-01
8.077777777393441161e-01
1.855386451626577893e+00
4.145630507645206575e-01
2.994074443853578238e+00
4.008833496357244730e-01
2.414895346497359652e-01
1.557219533173921588e+00
2.092250443193874321e-01
1.771636483199631851e+00
1.014346328170457057e-01
2.621637707137227213e+00
1.380774593636915903e-01
1.092235455235061048e+00
1.911467703040965471e+00
2.406318962403747319e-01
9.803939862555286489e-01
1.095982055842062541e+00
9.220090291802651716e-01
1.958678852858953157e+00
1.691519118784222897e+00
1.054802591677156121e-01
1.349221078170721455e+00
7.650975449787980054e-01
1.005585279006310451e+00
3.866796834031119845e-01
1.238250231577027183e+00
5.661731273907866235e-01
1.564753394680498122e-01
1.508054669685814808e+00
9.248444201576930257e-02
2.472450766922672794e-01
7.858406719941172236e-01
7.429275513231760053e-01
7.013509041938154054e-01
7.763630766512910064e-01
2.187301585511392865e+00
1.953424675777623021e+00
4.538520487686102667e-02
1.028314802452893195e+00
1.276325165074886581e+00
2.705820079947401258e+00
7.209619014266906989e-01
2.991754609017461819e-01
6.295237863450556803e-01
1.585234264482977828e-01
7.030252272855826989e-01
2.261115934787945314e-02
3.621780702886577830e-01
7.912565044716552976e-01
1.224249035369515681e+00
8.186058474256393547e-01
2.447304945128118692e-01
7.473640242048197324e-01
1.759300798769849905e+00
3.846440948250824943e-01
3.057869951503326522e+00
4.779431355297650841e-01
1.117046008517553202e-01
1.250582627740979280e+00
1.403719951574304292e-01
3.326715173236083900e-01
3.390137928671848044e+00
1.289284332120539389e-01
7.865540573951200765e-01
2.009858512915773665e-01
6.871699149395116279e-01
5.798899370701084965e-01
2.113102904591173115e-01
1.586362328199698024e-01
4.777506274654442775e-01
3.224765452407126753e-01
7.528410480568286101e-01
1.464524240621930262e-01
2.776359392687310912e-01
1.707031505976415731e-01
1.108693633343192264e+00
6.193534786970458089e-02
1.886773409570150051e+00
4.251930428833183284e-01
2.326981721863173869e-01
1.978208144322601281e-01
2.576793173839684870e-01
3.472194915535822268e-01
4.538948215358762361e-02
3.716008053367893527e-01
8.095643011687460033e-01
2.672336346324594714e-01
6.889845102265154120e-01
1.671118236309518668e-01
1.195623047685311947e-02
2.485042010307886517e+00
1.344493747597812927e+00
2.793221351148008402e+00
5.216308633671180583e-01
6.105361811322977950e-01
1.476340604763584974e+00
1.838903075211634486e-01
1.928478923131114575e+00
7.674661544546718117e-01
2.950072822194718558e+00
1.017075312025922829e+00
1.494689643426185377e+00
2.593378922556491828e-01
5.427238950028547393e+00
2.259281624774075237e+00
1.226727574654639330e+00
1.403724911244323303e+00
3.754424655743473949e+00
5.249213270813209986e-01
5.432187889959186888e-01
3.437360045097543448e+00
2.391756569232346141e-01
4.120595999316861713e-02
6.022473857423880084e-01
1.805325726286593824e+00
3.489831071492262016e+00
2.111564125232831657e+00
9.742910605348883424e-01
5.921172749899658028e-01
