1.281318500786402970e+00
6.572527093428506273e-01
8.734017366861714926e-01
9.913309882155066921e-01
1.096485284184165021e+00
7.419554394783838269e-01
3.991230410115947369e-01
1.346578273125426106e+00
9.940202366307462345e-01
1.520094773865563686e+00
8.851437350517274982e-01
9.698561383965162985e-01
1.091212196771349952e+00
5.587000771654652143e-01
7.427819322260427182e-01
1.111893868110219064e+00
1.040291869120124169e+00
7.091428343564902814e-01
5.887286048647774050e-01
4.513602421043798052e-01
1.130001679427203420e+00
6.638424125987951729e-01
1.146861652688170086e+00
1.662073373431486312e+00
7.080109026203690314e-01
1.348633586571027720e+00
3.773073706857585918e-01
9.153359301074825982e-01
1.054270156049422091e+00
7.442291127822140417e-01
8.743417972941631700e-01
8.256563803930978551e-01
6.747647311646619572e-01
5.531959947438020997e-01
1.012425590496444316e+00
7.550954469974398009e-01
1.289894488200989509e+00
7.035260092090430684e-01
8.840778806041328375e-01
8.495531911445468598e-01
1.159235918852506764e+00
1.884251402845407819e+00
5.136585113670552039e-01
6.275592859203895646e-01
1.227481954056274249e+00
1.306124434900360454e+00
1.047170860163927797e+00
3.390938064396078477e-01
8.570814484916615683e-01
8.191846369804720585e-01
8.545804588242007505e-01
1.004147831082626396e+00
1.075224973461122779e+00
5.141648263141999076e-01
2.033471363515155506e-01
4.212969255222655529e-01
9.651419974239845434e-01
8.347673655045694252e-01
6.012175937187651531e-01
1.367904925697106089e+00
1.398735058288213873e+00
1.521968304834076857e+00
3.166730294824663394e-01
1.241573881529825840e+00
2.133814422360126528e+00
1.550339908701132030e+00
1.943920240559626533e+00
3.955107936974332494e-01
1.651201184760272778e+00
1.664596303247891651e+00
1.444924968920919817e+00
8.277312338874311948e-01
8.149911807728998925e-01
1.294545145289537791e+00
1.903658610687055386e-01
7.331103423980377398e-01
9.740128604703252035e-01
2.295181700554417503e+00
8.932058573381972399e-01
1.046894899252690525e+00
1.129110864781081691e+00
5.368345650291407312e-01
1.340969927184013422e+00
2.195364376620577929e+00
6.699863164335249088e-01
1.319591532610344453e+00
1.143287816292906101e+00
3.156688779383907129e-01
9.414591240878358303e-01
1.001334757965012479e+00
8.178205862202243548e-01
1.502704255629677021e+00
1.512633459129155700e+00
1.085294683625688261e+00
6.106129660159114181e-01
1.071690847957348147e+00
9.169867876820649855e-01
8.996106941710507732e-01
1.407734602230435783e+00
8.686107587529582341e-01
1.590290239890726154e+00
7.236574353246683078e-01
1.248544804867838476e+00
6.769247702468241812e-01
1.229350746912911241e+00
1.827959400365535725e+00
2.069263019347248100e+00
1.330746494373857391e+00
8.132407168034269107e-01
4.423234811552488321e-01
1.475688269132638730e+00
1.597371816408813983e+00
1.977876797497745587e+00
1.305580385045633784e+00
5.420330057357553022e-01
1.151651529050212952e+00
3.976927725258250224e-01
1.555970785391300737e+00
3.493912934070028675e-01
6.943992227780664273e-01
7.396200863617387045e-01
8.558036078725971274e-01
1.878857740530933462e+00
8.446414353315851997e-01
1.167126751289865538e+00
5.192642757768006767e-01
1.424993369900261930e+00
6.482200170380363335e-01
7.646274349804813575e-01
2.404050290494986974e+00
9.248962131061835290e-01
7.317561088939484870e-01
1.054065638998332943e+00
9.934479802832860695e-01
1.398811695158430179e+00
6.903380228304309973e-01
9.503940001193778020e-01
8.677997881762509191e-01
1.278808632346575269e+00
4.059471848530466498e-01
3.953002944558727805e-01
6.903133104387975116e-01
1.736307283435855942e+00
9.458182833870709683e-01
6.183302688269392000e-01
1.088604965246081191e+00
1.207341627017714414e+00
1.884412027871888551e+00
1.471645142854185684e+00
5.137331469934662831e-01
1.463455556419271275e+00
4.899700225158391542e-01
1.260931980583705148e+00
1.891299905522016545e+00
6.574633450044897742e-01
5.666251838223013149e-01
3.627237795717893620e-01
5.081738080853630546e-01
1.778592643050766142e+00
4.332443239402264945e-01
3.067713217424929972e-01
1.065059718410149570e+00
8.524243614722523121e-01
6.025599487394019960e-01
3.172066293761213185e-01
8.160160268615459511e-01
7.592142398417037752e-01
1.109300641480214011e+00
1.074973854705628229e+00
1.009010338471180823e+00
2.855368408242439093e-01
1.318654723658852168e+00
9.527962784532656437e-01
9.365134707566349359e-01
8.380734131256438735e-01
7.953494084493367700e-01
1.273850379521748843e+00
5.119418537557743898e-01
1.094755205052685421e+00
9.400545161880518030e-01
8.480797724419839589e-01
9.678482377499884048e-01
1.205411496768405755e+00
1.102218771387756036e+00
6.564791883498567460e-01
1.938001494162384430e+00
6.207978483767346845e-01
7.792217805423065080e-01
8.858187448848646728e-01
1.132213615469594981e+00
2.015262904647636688e+00
1.545579806963571778e+00
6.577682684827961257e-01
1.678707409470956202e+00
3.833292658005285625e-01
5.443581291886058215e-01
1.108972649256565912e+00
6.911929157470632079e-01
8.510729192490940065e-01
1.218570262500208612e+00
8.893072136151126683e-01
6.943665925993334209e-01
3.488136457502643006e-01
5.246142055618407962e-01
1.130817572681777072e+00
5.503501142988644901e-01
1.097463769314975135e+00
1.188369396329894689e+00
6.393526746927742366e-01
5.287671279533640023e-01
5.220060528233196884e-01
1.448894016765573500e+00
1.339899196685029104e+00
1.182643516176541620e+00
7.526425540349948040e-01
1.308466782266417106e+00
9.317106109168082906e-01
1.307483329364322433e+00
1.075002367529757752e+00
9.547043293458576940e-01
9.165667554279344209e-01
6.295801745650024817e-01
7.678666254526960167e-01
9.129177520437475879e-01
1.236806968887901759e+00
9.530428215115636092e-01
1.695962586237049763e+00
8.202719158917652909e-01
1.364130226183172034e+00
7.427197847614357418e-01
1.308152603187731078e+00
1.242663718560682362e+00
1.439735761278985393e+00
7.243270514144470873e-01
1.410222976957661523e+00
1.626492420066891320e+00
8.716773816568271771e-01
1.012470866564020300e+00
1.573303934651710811e+00
1.231573052010027425e+00
2.258274266609243686e+00
8.366431934227620548e-01
6.487580102171343066e-01
8.082628527021303855e-01
1.598044746749030409e+00
9.057512540129286638e-01
9.986567361260864084e-01
1.208291491888173086e+00
1.580002918797847045e+00
1.285993820691023526e+00
1.192018882634522159e+00
6.732742291772524368e-01
1.073226288695975139e+00
4.994418172588449001e-01
8.851666450334341185e-01
6.954879176954669173e-01
5.871590192030533562e-01
6.658860636973420455e-01
4.586651977852898021e-01
1.596980034545835592e+00
9.088949122064935437e-01
9.271401550474243081e-01
1.166970543604776811e+00
7.722548853348252251e-01
3.718871522960561227e-01
6.510592738105341892e-01
8.309427038215619898e-01
4.428596474681512629e-01
9.179285261078733438e-01
4.819224048863313126e-01
8.347597614552422218e-01
1.865119825948767351e+00
5.112265892100422704e-01
7.775278654857508132e-01
3.393903559295471939e-01
6.681136938682354920e-01
1.508094898633169256e+00
1.210567408112602550e+00
8.104813684422977893e-01
1.230910012353245042e+00
1.070787531762044997e+00
6.574039213000272275e-01
9.405413573429650675e-01
7.486288391584683399e-01
1.365568065476862492e+00
8.039451584134736928e-01
1.807157671623158990e+00
5.193443529682965076e-01
1.322700675946233861e+00
9.999014680782501996e-01
3.669146904439971046e-01
9.924447373187167409e-01
7.665108223585961333e-01
6.772131748062493184e-01
6.659657519576309692e-01
1.402106874983473528e+00
7.071641899224134775e-01
9.542721066676955743e-01
1.247525425566871515e+00
7.333876127537140022e-01
1.047452890120030400e+00
9.774196910358199375e-01
3.690618723569504267e-01
8.268737165451243154e-01
3.158089290181925746e-01
5.401777374385539066e-01
1.880916291308708743e+00
1.030390059422144455e+00
4.471384691818345303e-01
1.457148462663735655e+00
6.245134635521757405e-01
6.736170124235705270e-01
7.272073908609713033e-01
9.037523158476294949e-01
9.149053952726270422e-01
9.295492429762580722e-01
1.247285213123013659e+00
3.726797187178686466e-01
1.525053322315855775e+00
4.972218500346686776e-01
9.819008330403681262e-01
1.323626565028111379e+00
5.873670500573563436e-01
4.472598885967916660e-01
1.048143490426306501e+00
7.324724649531721976e-01
6.641507025305117828e-01
8.440342045792922354e-01
1.217801226785436564e+00
6.564112819872426341e-01
1.052724123916786381e+00
1.021278562100448095e+00
4.613566034139316430e-01
1.219486374769587655e+00
7.043595000855726873e-01
9.704576749071803787e-01
7.349474821212639286e-01
1.168506646847613961e+00
5.379847576629626094e-01
9.666313200778694492e-01
1.474122373944440678e+00
6.836569723374805729e-01
6.960796636266814996e-01
4.682072843627497205e-01
1.150288529983322316e+00
8.248946530091256779e-01
1.749919261289945904e+00
1.351529267373238863e+00
1.340098034089246992e+00
1.092883126304016406e+00
7.014445278077342527e-01
8.911299793377462919e-01
6.676853163534780533e-01
8.364193537902460118e-01
3.035413877036922670e-01
6.741144134625394191e-01
1.094451923622653977e+00
8.418039048704566429e-01
9.825907041269543729e-01
8.072124707169497926e-01
8.012640662773621303e-01
8.228169789813810642e-01
1.147623144293028918e+00
1.097298248835867129e+00
8.223369569077966235e-01
4.156900184144868282e-01
1.420446991091431466e+00
7.485539356038931613e-01
6.820007843715696350e-01
8.792201730195164933e-01
1.090209137210115253e+00
5.037040865779616183e-01
7.923340565475165409e-01
6.863972975635846963e-01
6.607466497823352158e-01
1.463058846066036534e+00
8.010499441271948795e-01
7.610634666871687326e-01
1.867404691777973191e+00
7.976069915573492652e-01
1.121542068208634335e+00
8.512737036319307782e-01
8.587013719198242079e-01
8.277087482860066014e-01
1.540912168785002034e+00
8.759668536239109127e-01
4.796561996881570922e-01
6.477394244213012797e-01
8.655045834824464102e-01
7.695686427772916449e-01
1.371930033447190667e+00
1.029211442404268873e+00
1.695388312289336064e+00
1.908765843414923058e+00
9.634142671146146419e-01
5.143054910517360634e-01
5.137984980523636613e-01
7.763699895559920128e-01
2.337333610057478417e+00
3.825319095496942379e-01
1.334714068938056108e+00
1.754717311760584542e+00
1.661771694344558847e+00
1.152790860030495246e+00
1.296067272825355499e+00
1.164244750790126126e+00
1.438806354129684717e+00
6.425252373854623000e-01
1.380548175052465965e+00
4.116085001512095332e-01
8.245844874073048336e-01
9.753276061521011231e-01
6.185764455098672343e-01
1.008213118428558985e+00
9.536282277485019776e-01
7.047679697623783213e-01
8.724826392488096438e-01
2.143903445771553784e+00
1.113683928658318667e+00
1.257827366466889085e+00
3.838206824181839005e-01
6.803153847498319973e-01
9.159426467218473311e-01
8.358701181066903185e-01
1.474991983369860815e+00
1.047388363191342098e+00
9.693686927988266477e-01
1.388976857007302224e+00
1.008597620964638786e+00
1.010684093218890522e+00
1.097841013810082256e+00
4.639235618377716142e-01
9.775940536560600025e-01
2.270020183971912964e+00
1.021414978526131945e+00
1.402252143941614904e+00
6.122308655447581405e-01
1.192818807413508431e+00
7.280319108358550562e-01
2.308527808358654454e+00
8.119231935691715307e-01
1.107923015620402740e+00
7.984068775795942763e-01
1.596857545830551395e+00
8.432333320512539476e-01
8.601380071039792519e-01
1.113753896820735223e+00
1.357017453438921217e+00
4.939152571172366613e-01
4.139047244842393170e-01
1.619597474336033738e+00
9.075422342067365200e-01
1.620591484903227464e+00
1.008427405297740886e+00
1.328499960284434955e+00
4.391080805891864336e-01
1.122702076771436852e+00
4.053013241727079774e-01
5.394256974667651638e-01
5.968168711507018109e-01
1.437003001775041700e+00
5.794937161070421450e-01
6.925789128316443000e-01
6.399909601008818560e-01
6.824287258852999027e-01
1.122296802044931541e+00
1.819846651948287652e+00
1.977010482493828381e+00
1.208667237580111742e+00
1.199309368021792110e+00
9.246681659654164553e-01
1.255905105014445855e+00
1.393873496517567645e+00
1.611840912156409011e+00
7.989789356243668372e-01
1.711404983912458766e+00
4.982183592556836960e-01
8.720066087803802768e-01
1.742049298243141475e+00
9.062128212550411011e-01
1.028179587904821668e+00
1.090451614071764830e+00
9.328658612512442661e-01
6.943949248138878705e-01
1.679349996131825229e+00
1.307367315202252023e+00
7.353133965545457507e-01
1.201095427737838950e+00
4.607227939888107193e-01
6.680246689047408815e-01
7.216940178447763810e-01
1.249235812705498549e+00
1.166525643468242945e+00
7.508907650985031657e-01
7.148968491960934202e-01
5.731747697673846842e-01
8.257688377397357504e-01
1.022411202890934234e+00
1.516852242202384904e+00
4.228033694905422024e-01
4.542016198729580401e-01
3.770511629629538231e-01
7.533994291549606093e-01
4.918244339930431530e-01
9.130805109484907423e-01
1.000575120448783162e+00
9.657415289728801255e-01
4.816835388473773572e-01
1.000662782687912422e+00
1.159007463328290966e+00
9.800541796267820960e-01
7.120681012359257878e-01
6.329524922209965876e-01
1.015354759595468392e+00
1.017462311795905627e+00
1.121368197717585780e+00
9.092118381957885465e-01
6.326743533779591866e-01
6.745849556031324745e-01
1.174363263131035673e+00
1.542803222900884563e+00
1.374970901882279550e+00
2.204796825761251355e+00
6.453026744057044350e-01
7.264517114629265304e-01
4.483060074454656707e-01
1.731388074483598771e+00
7.086415472808063054e-01
4.239427790998326895e-01
5.325614534920467547e-01
9.164697020988197274e-01
1.149809535973177921e+00
8.528268135982979281e-01
1.202988685650261846e+00
4.818191356399850744e-01
9.449358669541016997e-01
5.880030824415980462e-01
5.127246089134562812e-01
4.677853013327432641e-01
7.290950022487014959e-01
9.431218299925641091e-01
6.879509094906621769e-01
1.199734405945862781e+00
8.067566188958743556e-01
7.474871265875551174e-01
1.068044494700596037e+00
1.239727692567809569e+00
7.888604206412253017e-01
7.221249416716836178e-01
1.050870823238589047e+00
9.692375845276084423e-01
1.611843928007515192e+00
1.229517994052203855e+00
1.840696741497451105e+00
1.314442474714155207e+00
1.658061494971523553e+00
8.037632540160898342e-01
3.406064492016688816e-01
1.411454726880840838e+00
2.646042168703249597e+00
5.601956953117067650e-01
1.254719149847435045e+00
2.837622629327699042e-01
1.716728034963105110e+00
9.026178579407524438e-01
1.127181598981749522e+00
1.300784195409796062e+00
1.470836228943187551e+00
1.218675359861101093e+00
7.481003909896102311e-01
7.367919646202492068e-01
1.112034546518383626e+00
1.313486092517107240e+00
1.099172897410616301e+00
7.862404947698516944e-01
1.002309458140556497e+00
7.167018876115349713e-01
9.596471617388415698e-01
1.113274260389956138e+00
7.723783624603290932e-01
8.366821767525457476e-01
1.354320485893838910e+00
1.306317952473284194e+00
1.248675660290313516e+00
8.740921175954969868e-01
1.833204498179540121e+00
5.076579914916962144e-01
7.117808965124042819e-01
1.270448915400419043e+00
5.083667199240287093e-01
1.418617754572294665e+00
1.707697935425797287e+00
1.243998246041569722e+00
8.645383229464582708e-01
4.706847358374116608e-01
3.800271142843908434e-01
6.306388061709800041e-01
1.169708149384897977e+00
1.035198240613652620e+00
1.248600349214269212e+00
9.130540783350535872e-01
9.025166631885065405e-01
1.145317167683982618e+00
8.958870722418503796e-01
1.100819049401301930e+00
1.677756820540282856e+00
1.262492804702958660e+00
1.089877015338820199e+00
1.544601540505299742e+00
7.852414513493133352e-01
1.269013547165515288e+00
1.319655868435983592e+00
1.587231168929650327e+00
8.305287968905664675e-01
1.157138189574907328e+00
5.572078393709575250e-01
1.623947287649332161e+00
7.244161970891986879e-01
1.328702088104011025e+00
1.228692083825927650e+00
5.809497860722996343e-01
2.045017783892507102e-01
8.397880337945238249e-01
1.031438149462421849e+00
8.790529063347279903e-01
1.439344011666773948e+00
1.589368735039186298e+00
4.543427260929758793e-01
1.559733070946715427e+00
8.730581604942861951e-01
6.048297638259862996e-01
9.027995090959616276e-01
1.509673184841466398e+00
1.077849230159359628e+00
1.030440963689525757e+00
1.537124844102129462e+00
1.125569766813365291e+00
4.340964591034999764e-01
8.594961224209184403e-01
5.669465398990913840e-01
1.095065034203353216e+00
5.446786500579959833e-01
1.366423852223291657e+00
1.404736516532007151e+00
8.895417275363491916e-01
1.770902208819812973e+00
6.427828069204322148e-01
1.393310411892677347e+00
1.228045646378699285e+00
9.588282251500600539e-01
3.677917841946584665e-01
5.484363343113772826e-01
1.267882632352385297e+00
7.216879525060442280e-01
8.290539848395608313e-01
4.127367024070234813e-01
7.048412413023648071e-01
1.005266060536201156e+00
5.695891496526421793e-01
9.034595939079117510e-01
5.801316691258762148e-01
1.209187980188571210e+00
7.092221152609557988e-01
1.024361746516545102e+00
6.927539565723278558e-01
3.600364694090761319e-01
7.144550783673923045e-01
8.623580321739670040e-01
7.404498881106689190e-01
7.639926053994577915e-01
1.535361732575639016e+00
8.070112413628954817e-01
9.681914647420779563e-01
1.395218790277590770e+00
1.854892268268293787e+00
2.434819329133995902e-01
9.398507721774315149e-01
8.679311650244774246e-01
1.788363155535135363e+00
8.210908223084180113e-01
1.423552711068476029e+00
1.739801011803152830e+00
1.229709829601397741e+00
9.913160812472311401e-01
9.932531339802509462e-01
1.138143095138923311e+00
1.362861258806497666e+00
1.611459460572560509e+00
1.673959199136334952e+00
1.488117815024319057e+00
1.114931658035658302e+00
6.015388326125088447e-01
7.469862989253935881e-01
1.149857000909045635e+00
6.602996616162847276e-01
1.631129234811684814e+00
1.539355179431114440e+00
9.785131758108023270e-01
6.799560140325000557e-01
1.013220680104810034e+00
3.560533161969648974e-01
9.545989422044312001e-01
9.793141224784289722e-01
3.998330890484946831e-01
4.950347795875074119e-01
1.563611161463940746e+00
9.174451417492291982e-01
8.307868023529578760e-01
1.138373634506670395e+00
1.149193681309071069e+00
2.250020609226513368e+00
1.131336690093290409e+00
1.223377641477127575e+00
7.997917900742519404e-01
1.152907556676683987e+00
1.537828873436378085e+00
7.619909582313779683e-01
1.053128352062064677e+00
7.987282133744375567e-01
1.487439037204885572e+00
9.760865165241461305e-01
1.421896218607795692e+00
1.138600585288111811e+00
3.990276109937741511e-01
8.865837766402659970e-01
1.213092428229585185e+00
1.356146449587065428e+00
6.328354113049594609e-01
1.169254324157707581e+00
9.732794398795013846e-01
6.573256556748033885e-01
1.335067637291247999e+00
1.571100158863373064e+00
1.451614595506788508e+00
5.800518019195907149e-01
1.002901370837015582e+00
8.122110569379243916e-01
9.565092276655007275e-01
1.435982972107012756e+00
3.759916585708434900e-01
4.939069444878978477e-01
1.551994511558504319e+00
6.017877506631742479e-01
9.895552074142638377e-01
9.039224066016376957e-01
1.764744803302753073e+00
1.315102819462537820e+00
8.805742884868466014e-01
6.992736913928090381e-01
9.457371946063377610e-01
9.687978556087601945e-01
7.455208689485615103e-01
8.389139144480749488e-01
1.248612500096224487e+00
6.977561282478265126e-01
1.049625862067294024e+00
6.757156437724296527e-01
7.454056677624544269e-01
7.905285298862283483e-01
1.232331449541912649e+00
9.036937207867359323e-01
1.535122687431303756e+00
9.270181634381700064e-01
1.266740514674123741e+00
6.353569332492272626e-01
1.037630217479574846e+00
5.078917760626844302e-01
8.203211141640596171e-01
1.552128048412473760e+00
2.070321042570921310e+00
1.507333004215771100e+00
6.190355442594603907e-01
9.774075088119509314e-01
2.776372142057020653e+00
1.013451787991916708e+00
1.895582573366659584e+00
1.076634284543299902e+00
1.124481875490156657e+00
3.632875185521088346e-01
6.961013954308501450e-01
7.804233774185924677e-01
1.163091208568793666e+00
1.119102041683381454e+00
4.029943042729797753e-01
8.478896165329259382e-01
9.484224663005914602e-01
4.549320825480390740e-01
6.001195286977787369e-01
1.033658101381451866e+00
7.044915568932506034e-01
9.796623371814132675e-01
1.005904674661948217e+00
1.091756032049612912e+00
1.433695658225796254e+00
1.249024375938158737e+00
1.777389800495587924e+00
9.768555637276847836e-01
1.763972155400251207e+00
2.394873236441978914e-01
4.693071021989811409e-01
1.440955772067423535e+00
1.463512617238134084e+00
7.352299451178500034e-01
4.876793491849463758e-01
8.133953796262451963e-01
4.600442334919942478e-01
1.336290063705467546e+00
1.140022755029470591e+00
5.599227734057583561e-01
7.177391406414251884e-01
8.356371623664031745e-01
1.780982972393714947e+00
1.048069163329186981e+00
9.202218903467516142e-01
1.163827300490804628e+00
1.337674869845457248e+00
2.654419315862868167e-01
1.237223945252941437e+00
5.763744390249800897e-01
8.411048100708449216e-01
9.566694230952881295e-01
8.509348582867763966e-01
1.206397247722830857e+00
1.074692024609836816e+00
8.968003934349852990e-01
7.615099891478550598e-01
5.178908908109606246e-01
2.969982031296053981e-01
2.133308017649063970e+00
1.618756238563727301e+00
9.260531537969423077e-01
1.215868333378920640e+00
1.313849698903521102e+00
1.232646419988925768e+00
8.369156869139707799e-01
1.459313381179500713e+00
8.937162075107799586e-01
3.744424570590556001e-01
6.155059100097555191e-01
5.997752503307280936e-01
7.865463919646923374e-01
9.331951882038085344e-01
1.537395317138614992e+00
2.290162209609958754e+00
6.941065887175948967e-01
1.260188674666478548e+00
1.023356568585746640e+00
8.987240254658723781e-01
8.645412503637625035e-01
6.227736722566052929e-01
9.858835725473670264e-01
7.636621187045041781e-01
7.419554124927056904e-01
1.404248364832193507e+00
1.252164763752098953e+00
6.511055404693804061e-01
4.185443544762466050e-01
4.790055033699699427e-01
5.446480756963473224e-01
3.588428245094987257e-01
1.154930079214836036e+00
4.646152116241357710e-01
7.693438564200929530e-01
1.704448938177268946e+00
3.442560300237791360e-01
1.664115339561504481e+00
1.994144991817346391e+00
4.035348181157208947e-01
1.864267166440733536e+00
7.524789794574613389e-01
8.201266024808453459e-01
1.063908603760730598e+00
9.612207226150000228e-01
1.268424787254527786e+00
7.793490563354413814e-01
9.904745645214712013e-01
9.164198374833154581e-01
7.088134352312089881e-01
8.462660464390476811e-01
1.237925333404197970e+00
1.105288394981680522e+00
6.575932417629554161e-01
1.033103477512562929e+00
1.218920316564092943e+00
9.546439579995660285e-01
1.257145958661052054e+00
7.309847895038290577e-01
9.052824307825477756e-01
1.741127286308876698e+00
9.655920517339032783e-01
1.382804180662025040e+00
1.052463213111535456e+00
1.804763281609183645e+00
1.088973197393395376e+00
2.101539249726597891e+00
1.762471895308576952e+00
9.648400337597917709e-01
1.037795533427354977e+00
1.466777198793792092e+00
7.580543712487446406e-01
7.033787289934424480e-01
1.978930003924480596e+00
6.311355500690936093e-01
4.957196086838124849e-01
5.721037984127006482e-01
9.043812763407013122e-01
7.647553489569397511e-01
5.670109313787743410e-01
7.012450423059370941e-01
6.269905478506772045e-01
1.437633638765271948e+00
1.035634505683266537e+00
1.528454923644716024e+00
9.345627790110908606e-01
1.715901509940128022e+00
1.015662197461874250e+00
1.150996924233824936e+00
1.181905751695680573e+00
1.065827825593717026e+00
3.648712369291214896e-01
4.483527691304528551e-01
7.899899955516391792e-01
1.762831212935817682e+00
8.063271234007489685e-01
1.391463887491442453e+00
2.403480429230388626e+00
1.579400978524147403e+00
7.894028242958830432e-01
6.371534716537538001e-01
6.645847070555099823e-01
5.045989271534893073e-01
4.583715996953577898e-01
1.261377939415490257e+00
9.757201605017575829e-01
2.278742541435097024e+00
1.164458570122045789e+00
6.056010308977717305e-01
9.598321604869552992e-01
9.715414730646191321e-01
6.725104228644197546e-01
8.711092364757975215e-01
6.784820189974515303e-01
5.573311501200254314e-01
5.428465856334157014e-01
5.737984816112544628e-01
1.952468282587297876e+00
1.235091596309945361e+00
8.235610690571883996e-01
1.361651055449907943e+00
5.482170893263991207e-01
9.442885573168500191e-01
7.956474569046947387e-01
6.600693173713888529e-01
1.179939712035825261e+00
6.721277558559697329e-01
5.359638734466742882e-01
1.269831180754359412e+00
3.307299082841048676e-01
8.442863835562477437e-01
7.853799222903206090e-01
1.084985000830714252e+00
5.302121825027991120e-01
1.527125162320915663e+00
1.556843102325250694e+00
9.581243873780617148e-01
7.698320761354220387e-01
1.468777342351248683e+00
7.100317394319924924e-01
1.262379147483324360e+00
8.407991402204004761e-01
1.208728610381892166e+00
6.220735829049535148e-01
1.978386164256886515e+00
1.052523999541366218e+00
7.926418689478647028e-01
6.197163350810090954e-01
1.130294860333949103e+00
6.223377893004051753e-01
7.728114323750405745e-01
1.695806102307478636e+00
1.162763044655724443e+00
1.477684526629339024e+00
5.228792910045925169e-01
1.225391797671529392e+00
1.242238978845924047e+00
6.291462701548868885e-01
1.083223124739766785e+00
6.135172363700154285e-01
9.476783229102068162e-01
1.238848372851291124e+00
1.021154208000483399e+00
4.157650014591045551e-01
8.761677924888702229e-01
1.155073918021550128e+00
8.007404613053109577e-01
1.139393101209559056e+00
1.678316353319095233e+00
6.021549762859261801e-01
7.970242048622822040e-01
4.755032424562632420e-01
