8.227885518690023492e-01
1.035068118668422299e+00
1.195313158023476596e+00
8.612618686362627507e-01
7.341058990998818867e-01
4.850967885126222789e-01
5.666024042337919342e-01
1.108739079618033418e+00
8.480966277272216081e-01
5.777829162833552079e-01
1.120061085694263658e+00
1.022897341229595414e+00
1.194432261152444052e+00
8.906734264715617799e-01
9.707096493123597014e-01
8.660743177838625684e-01
1.290792032202993322e+00
4.838572518766321440e-01
7.233151666872018604e-01
5.601827245928714394e-01
9.324756537792969757e-01
6.735383899521318884e-01
4.890882564682089706e-01
7.042945040988985994e-01
6.088682493953786468e-01
7.932933386791225505e-01
9.752459022419331935e-01
1.264035593011309411e+00
9.773504264479387915e-01
1.317358534626380084e+00
1.602399369337742296e+00
1.493658533029846414e+00
1.312715187030781383e+00
1.504887234722920519e+00
5.132903167985639614e-01
9.727742173166999962e-01
1.801212927484919568e+00
6.382929069910876496e-01
1.317608318312066817e+00
1.860029675314045727e+00
9.749470729325139251e-01
5.408652532360262999e-01
4.850223280245207769e-01
5.113167160037466186e-01
9.361100417440079147e-01
1.131841668324216066e+00
9.451435917356292293e-01
7.882945127785970785e-01
9.579089899088788496e-01
1.073406081189930861e+00
1.141554879250495258e+00
6.608033105365892501e-01
7.409061117791382323e-01
8.230827633454123049e-01
7.879106953924455148e-01
1.015236354377985650e+00
9.421415559708308241e-01
6.479416039842889052e-01
1.448430057084823863e+00
5.694962048924233633e-01
1.001984416394583688e+00
3.232362085572940691e-01
7.116596114332763845e-01
7.797309188314455186e-01
1.245197322494018044e+00
9.820861287421045471e-01
6.563549186726610474e-01
1.172831765169905172e+00
8.873220409719826396e-01
7.959412202429947403e-01
1.306674243309598582e+00
1.205371491297843933e+00
1.622883008585607412e+00
1.277432047437426554e+00
7.352169529387997393e-01
1.148903670054268300e+00
5.060373610962525248e-01
5.502301179273650922e-01
8.647645055830196492e-01
5.327800949169322342e-01
1.645081708236580287e+00
1.401963186130480432e+00
6.711415690075851481e-01
9.172704971824571230e-01
1.154134055730054342e+00
1.370089171941171191e+00
1.819545192256768473e+00
1.099172852590421634e+00
1.039485195389531658e+00
6.296022560716983962e-01
1.082331418163572589e+00
1.179504510272782358e+00
5.631097127999729057e-01
1.236184216183513040e+00
7.287273740362016916e-01
5.601675942152650745e-01
1.002049542211080446e+00
1.316622996908137111e+00
8.993376612891590405e-01
1.308252390054507774e+00
1.246839247550223684e+00
1.432129081008495231e+00
7.726856895592645325e-01
1.076294640041651762e+00
5.795728145147250876e-01
1.470580838553416703e+00
8.416900325059182286e-01
7.921827385111537279e-01
7.421027738516674521e-01
7.776617783876957901e-01
1.913982016323092505e-01
9.464588643222832109e-01
8.636982313592651561e-01
8.547476241486958726e-01
1.037734282811527020e+00
9.889926752171444013e-01
9.071583962761488040e-01
5.703749048488783169e-01
1.116553926116460316e+00
9.202986763961589212e-01
1.384939974033410071e+00
1.103708939854874727e+00
1.019394715545289376e+00
1.368121341212965802e+00
1.114379908668750252e+00
1.153540453464810822e+00
1.241907360793261361e+00
8.967656449920760053e-01
1.409800901532227702e+00
9.405816341767134769e-01
4.940018493421632351e-01
1.071837853704174393e+00
1.085425563032398788e+00
8.144860060413356972e-01
8.035814106592119588e-01
7.918539566651013883e-01
1.073273384436826738e+00
5.113254437555451171e-01
5.607676019176781601e-01
1.118339746127316570e+00
1.895432134171368688e+00
6.211213866135865125e-01
1.138220756192116268e+00
9.872949535971788926e-01
9.832903728769719631e-01
1.573506964241535355e+00
1.105322064825574380e+00
1.491504460919912400e+00
5.354608121929919085e-01
7.051125840993515137e-01
1.142568215179351476e+00
1.004113968029091364e+00
1.090849658073031803e+00
1.461457349504490910e+00
1.919593348637257169e+00
8.191188048226195617e-01
1.258224982274561032e+00
9.430618371411281231e-01
1.398151801838748209e+00
9.014515555135689251e-01
1.080312353299443640e+00
8.636801135108418404e-01
1.281926242854329878e+00
1.083772390609390346e+00
9.395640381394800844e-01
6.511734736945169466e-01
1.211867682670683788e+00
1.070892304171865872e+00
9.107161044591893795e-01
1.055257179811618595e+00
1.238368706625109672e+00
1.184123694962447404e+00
8.743376747293243323e-01
2.076133087652754394e+00
1.484603760919561033e+00
8.681739605792209158e-01
1.443838761046347674e+00
1.407480366539276995e+00
1.016164410028355558e+00
9.869142111582501764e-01
7.447529162406887338e-01
5.078658396361067640e-01
7.081872122430732386e-01
8.038683732345216493e-01
1.006432244340455640e+00
8.136533958322722526e-01
5.197574519858572106e-01
5.304529139331797261e-01
5.772656048173593346e-01
1.906633828142093146e+00
1.135467451740360900e+00
6.960483957417618051e-01
6.350636383084198311e-01
8.640785149973018164e-01
6.149873062504093157e-01
7.781222625469588206e-01
1.825697889237134941e+00
1.023926513393798698e+00
6.122947820938410279e-01
7.773716899984650652e-01
1.187041815371220776e+00
7.502260794489100659e-01
7.005782254746842908e-01
9.147828521531307100e-01
8.114872146315942336e-01
7.037045196556176441e-01
6.622997492319573354e-01
1.242351785728168290e+00
1.205280210465406787e+00
6.261618721769089957e-01
4.665456611718098445e-01
6.861702805374834124e-01
5.727867305712511792e-01
7.870884104065873910e-01
8.763560018613274494e-01
7.407890732481043905e-01
8.164454483346766933e-01
1.117978730415857491e+00
8.899462321046258673e-01
7.699460793495869204e-01
5.119241878347142727e-01
1.192083730425280708e+00
9.907000117443734988e-01
7.478384189117175396e-01
1.028059522677897686e+00
1.041399359275374081e+00
6.827457349273214904e-01
1.040771705249811108e+00
1.272744333920898807e+00
7.262772427409174281e-01
1.143643848012105835e+00
9.145992896983811127e-01
1.032061734744651904e+00
8.468977381928840531e-01
4.274539119769726891e-01
8.998676316700457978e-01
1.262839227490654803e+00
8.846788587143981086e-01
7.265747406691079879e-01
1.510165709663531031e+00
7.055655349547719224e-01
8.763150044147073325e-01
1.187979487391952915e+00
1.019339626828726919e+00
5.339751247005708468e-01
1.674922817933776287e+00
1.324112406788059193e+00
1.004304413719747213e+00
7.932965720742098936e-01
6.612205238555595166e-01
9.365428131791400101e-01
1.382988143373866219e+00
7.059512390490577660e-01
7.495946481319744059e-01
9.513883833234845211e-01
1.179563150645742020e+00
7.533026211168880604e-01
6.451241067913423555e-01
9.976484861747029198e-01
8.518423536278163510e-01
8.628369770545558648e-01
9.031629011438333521e-01
9.049618882634004047e-01
1.156033616175945244e+00
7.875017799994280532e-01
1.171992431333924722e+00
1.076886879671630881e+00
1.759259380302969689e+00
7.808464387748094149e-01
1.419308697167508182e+00
7.906629146299435362e-01
9.443572501361023885e-01
9.637967628187654734e-01
1.069925695982877123e+00
2.210213694477925817e+00
8.926936876555606748e-01
9.546124710036633099e-01
1.234374352124803176e+00
9.772335456524520181e-01
9.401120690800399693e-01
9.714401949322276630e-01
8.200343152767435306e-01
5.182736183556566623e-01
1.222746755449763967e+00
1.086321812731543046e+00
8.712103781644209288e-01
1.221617847169608861e+00
1.061895613467041866e+00
8.833637865888728236e-01
1.423922476144679816e+00
1.009701967569091030e+00
3.685889440668291273e-01
9.956518988121535463e-01
6.055521251494164758e-01
8.143273194423843453e-01
8.814549712276389393e-01
1.068920447335794055e+00
1.206896960164304256e+00
5.251974916273614014e-01
1.460770666713962385e+00
8.021554219732297542e-01
6.226552552930685325e-01
8.112766766741384972e-01
1.129280826070992116e+00
1.209788042154105181e+00
6.122467021278572563e-01
5.234873729718408919e-01
1.037123357031015880e+00
1.068209201192727553e+00
1.536106304848621207e+00
4.584963671814779596e-01
5.152224460798513483e-01
7.919118371854837468e-01
1.243479653530892071e+00
2.701293733278030462e+00
7.078854158429475074e-01
1.143617027106091033e+00
6.882899998582677759e-01
8.377463623037377793e-01
8.297020630316591649e-01
1.185507781856619314e+00
1.093987745736480832e+00
1.204870203545985508e+00
1.263950041027816829e+00
8.309354910293511587e-01
1.341747142439086327e+00
1.354758667147876405e+00
7.947526042855270756e-01
5.984458697068919530e-01
6.886495174387076146e-01
7.161140765172715472e-01
5.365194928933638696e-01
4.553841669537480596e-01
1.095413781120551100e+00
7.747936099794756615e-01
1.018680986484780560e+00
1.145380163701021470e+00
1.130071428994799509e+00
5.772810331441972087e-01
8.669768552076161372e-01
6.220643100117718705e-01
1.479103075861418093e+00
1.383232835206782196e+00
1.225783976037772005e+00
1.641043180011937164e+00
1.209649136572230388e+00
1.363569457343519753e+00
6.506320208149607431e-01
8.516063245249828606e-01
1.173831630255218972e+00
1.063849625101361163e+00
1.118777361742098186e+00
5.861937767466178784e-01
6.363015393444617640e-01
9.670094263191505446e-01
5.615388324664701836e-01
1.632340582337667989e+00
1.400258493165094986e+00
7.534211187358786921e-01
1.079358427267998799e+00
1.129193135247599900e+00
7.317798656214661301e-01
1.358316794363973123e+00
1.024435663697941923e+00
1.550068498321365951e+00
1.048502777150390086e+00
7.758875244150503780e-01
8.191967649225142534e-01
1.175259732605420604e+00
1.094380414869685625e+00
1.667179981846665271e+00
4.907437220452096072e-01
6.808717099570269493e-01
6.575250837671364756e-01
7.338316832973251769e-01
1.388681926988980297e+00
8.582907327142187404e-01
1.507394037075984627e+00
5.862462555212972770e-01
9.187054325782735287e-01
1.203172184525468147e+00
1.233761038724508818e+00
1.256921583913202856e+00
7.198216871649314452e-01
9.210535907573489389e-01
9.336038712169458798e-01
1.227518165046538989e+00
6.435611053096114142e-01
1.483143962573895358e+00
1.342797290784280673e+00
8.768473463906411025e-01
6.477470583876880905e-01
1.069019651548583250e+00
7.502593944743569665e-01
5.274074690184075154e-01
7.146167828174017078e-01
1.310163528691479451e+00
7.837607904966521488e-01
9.318582439475561197e-01
7.690097578999069983e-01
9.376791247650406724e-01
5.228349773332534589e-01
1.071335825045831136e+00
9.449147280813550154e-01
9.168799269503085103e-01
1.157572939517818256e+00
9.847641413468282146e-01
6.367364671801025722e-01
1.094949564078571580e+00
1.711471347908523288e+00
8.042538195345836360e-01
1.251926629233625521e+00
7.525281815879049097e-01
6.144871502059281454e-01
1.312927350664142345e+00
1.442295702667601986e+00
8.564002834283102050e-01
7.208299494486215542e-01
7.263302287479591612e-01
8.344973608822827682e-01
8.092872541713376222e-01
7.374572854968898250e-01
1.253129035719086959e+00
1.596962160188536650e+00
7.776893449499578947e-01
7.506833458196494613e-01
7.753970317714549143e-01
9.781131016481381391e-01
4.602484840272018096e-01
1.040017266132456708e+00
9.981262037417313326e-01
1.323889807520689743e+00
9.081783997678312126e-01
1.297503127435502446e+00
8.591931351151695928e-01
1.224588030767930436e+00
1.302261089540660111e+00
3.296042190829276963e-01
1.607133003326259413e+00
1.349232131097590326e+00
1.328058535875071389e+00
1.032263044733920498e+00
5.845969391345382515e-01
4.693757989024870403e-01
1.343123821324466505e+00
7.967095372608473669e-01
9.705573589777730659e-01
6.585369850337678965e-01
1.059701809040649589e+00
1.100945935950744303e+00
6.230544383631292371e-01
1.010290498048433960e+00
1.040485462307742415e+00
7.473929584562903905e-01
9.727309610344638813e-01
1.149282736781622516e+00
2.425761411263278600e+00
1.195988835096009728e+00
1.727239321670218652e+00
8.112464927870670639e-01
6.208526558975562271e-01
6.624590247831926293e-01
4.976156765223950784e-01
7.751792004336972575e-01
9.222898754551092093e-01
1.193669428487945883e+00
1.076512587920620545e+00
7.741802328573749170e-01
1.054150130158808985e+00
1.069475387631714014e+00
9.745376836768598894e-01
1.087706931922282072e+00
3.354432972644814104e-01
1.323708285732638990e+00
7.944725883284040613e-01
9.897273996473948676e-01
1.491185338891952483e+00
1.184035237265693929e+00
7.405269413222133057e-01
1.376306670551777245e+00
1.153687740643850601e+00
1.351052218754323242e+00
7.625326820759461555e-01
9.766333593029609128e-01
1.715116936489383237e+00
2.276593087241307156e+00
1.206099465141686533e+00
1.630944258204167774e+00
1.225090068530015230e+00
1.030196954075512705e+00
7.829698441196883962e-01
6.548984016399941321e-01
7.528241076989994340e-01
8.646825344855064710e-01
6.746160594394067234e-01
9.174181367171702073e-01
9.520327350627715290e-01
6.060894578634363761e-01
8.745506980343040748e-01
1.304647967172643419e+00
8.648488112848604636e-01
1.174064492210705968e+00
7.134330857817672289e-01
7.980907726427861615e-01
1.827347154260960727e+00
8.610157491792942430e-01
9.786287361882466396e-01
3.620126130753531513e-01
1.006941807935062272e+00
1.004032606857304888e+00
6.469492494700171958e-01
4.869948036283439086e-01
4.805649316338767019e-01
1.039326350560568546e+00
1.092803004146871038e+00
8.907682278099566808e-01
1.232439211996808393e+00
9.628677021283471582e-01
7.957022000818964047e-01
1.618176902541842654e+00
1.143233404739396608e+00
8.952487552310037788e-01
1.010557177207389801e+00
9.011050806215525899e-01
1.068242065153276465e+00
9.805402698428997699e-01
1.872260749464843776e+00
1.006793178109983700e+00
3.857537486219172473e-01
8.323408416635206253e-01
6.220676121469503883e-01
6.435614582936521888e-01
1.236280681301576090e+00
8.063886446262980012e-01
6.313177669050435981e-01
4.527014305491235402e-01
7.873656543291801535e-01
1.326084486310953769e+00
1.308402747201383720e+00
1.222555411053371399e+00
1.457580764798455553e+00
8.690896266285581540e-01
7.660638599750492217e-01
4.837018389552760200e-01
2.025891787114160181e+00
9.427762290012551283e-01
1.096301517313757357e+00
2.342869690426986562e+00
1.159540779125742382e+00
1.420615435757098588e+00
4.204840568683328450e-01
7.788800968578233341e-01
3.825137003234405086e-01
1.415165214026272267e+00
1.136735991740243312e+00
5.223314141093209351e-01
1.190261903330404714e+00
1.457256775659394155e+00
5.766615322179455827e-01
1.363752275356288735e+00
1.713012542955234530e+00
7.394685345791942588e-01
9.323789334848066046e-01
6.906660732699232419e-01
7.503325354599825747e-01
1.590631641801312224e+00
1.281991610316409069e+00
1.288649354605822861e+00
1.265125654564914326e+00
1.370909801011616302e+00
4.779420148270769331e-01
8.086291765452711111e-01
1.114489894408584370e+00
1.401530809028126878e+00
7.798551797513412209e-01
1.405992027485186924e+00
4.117698466830868043e-01
1.171383122329102022e+00
7.734484620948420819e-01
8.296865857862065763e-01
4.999728478172012491e-01
5.004678599901336566e-01
9.836514361120280991e-01
1.203545823670351789e+00
1.210117188236101260e+00
5.075527191320436948e-01
9.089566859417492761e-01
1.132008138374253514e+00
6.285745815206666975e-01
1.337591860323047666e+00
5.020951062043137458e-01
3.675717856804633921e-01
9.023789410455647086e-01
8.891216406577195919e-01
1.074296880058497106e+00
1.519277989330725998e+00
8.817958858171055514e-01
1.271146063482279764e+00
9.306727694642951132e-01
4.516066042875650499e-01
5.392281628800912330e-01
1.010802849316735141e+00
1.302126669805282244e+00
7.768778869225543282e-01
1.434865597109995949e+00
8.344231539253748053e-01
7.986209810086047911e-01
7.787306291253386359e-01
9.369796856219978487e-01
8.786343357449473146e-01
9.701449440968671345e-01
6.180731486804169617e-01
1.401128431418589004e+00
1.417387951452750539e+00
7.090015139742851247e-01
1.353383623266674718e+00
9.564429035502177712e-01
1.137595130866594584e+00
1.746355226297323204e+00
1.598550588075573486e+00
7.851138210711682275e-01
8.899678660350079928e-01
1.331046388486637477e+00
1.551014335927850762e+00
9.540797813543143713e-01
9.021010845357629870e-01
6.924265679518109007e-01
1.510520876698840942e+00
9.115673676282926019e-01
1.260121120586684462e+00
1.818536415225535663e+00
5.965461021265480168e-01
8.075025041085612809e-01
1.693502674989820989e+00
1.113969915619463347e+00
2.261241685476844232e+00
7.488424631618944005e-01
8.153700409277724326e-01
7.269237369676627702e-01
4.041736594592777454e-01
8.120195024896408320e-01
9.599928866891267454e-01
7.246546119672170327e-01
8.990008090651873118e-01
1.283744613105271437e+00
9.144665430505748427e-01
9.013768094480025805e-01
5.899969392107748956e-01
3.938624033000052149e-01
1.078234774791352768e+00
7.058240367160152351e-01
7.177130110611186220e-01
8.042088204965098797e-01
9.810848307225961129e-01
1.243135853827189719e+00
4.183512673641099910e-01
6.748947167869079333e-01
9.181287701367235599e-01
8.901253692325503675e-01
1.426725258348146674e+00
7.039651759234260009e-01
1.365832128142598689e+00
9.457488027678977449e-01
1.360611855819375382e+00
7.047029879904118665e-01
1.302543083372769583e+00
1.402238631234036692e+00
6.234570602308417975e-01
8.774414105485450754e-01
5.526015936719841370e-01
1.419413678861590977e+00
8.287476620683003059e-01
1.381372854191917021e+00
1.687394065536960364e+00
1.442658215121553233e+00
8.912519061694650357e-01
7.401851529362718507e-01
1.022669925849943429e+00
1.115029081511893505e+00
1.284665791586054207e+00
1.040581573870635435e+00
1.159992937663377521e+00
1.144813348380768758e+00
1.203686409889824338e+00
6.905707966843190881e-01
1.795920362407140036e+00
5.985195324889269752e-01
6.812700352485965283e-01
9.161557016553344424e-01
8.463772430868841123e-01
6.842802493997877100e-01
1.340569647655979635e+00
9.529416465680788928e-01
1.126482211041064385e+00
8.801773997445645481e-01
1.390286387294115578e+00
1.118948547213159950e+00
9.368214329519117811e-01
1.022405974674955420e+00
8.918856033606532563e-01
8.422557787003839280e-01
8.016312543617651887e-01
6.941164452007402286e-01
1.447116485263998609e+00
4.425893564633172073e-01
8.442739158386204368e-01
1.347015720465998712e+00
1.361442056020428559e+00
1.053937900293613339e+00
8.678548126532423801e-01
1.685092507771019044e+00
6.670994314839434614e-01
5.390444679041963560e-01
9.764959457481938720e-01
6.606896663919170631e-01
5.747049225833731345e-01
1.430039135178096110e+00
1.786227977506281483e+00
9.563915782551668521e-01
9.737040280911293255e-01
7.951580810437814950e-01
1.402341625686425175e+00
1.036212198856388156e+00
4.798620828664980076e-01
9.563857802340891556e-01
7.710701884432603626e-01
7.891087307484910829e-01
1.122702762129656584e+00
7.173183053922354002e-01
1.048523538951418699e+00
1.533796391369754097e+00
7.175663986544084105e-01
2.008461091829979228e+00
1.254940360780925745e+00
8.303244153503110958e-01
6.225583737329419831e-01
7.707702242056713171e-01
1.029623108143939758e+00
1.098040127520246712e+00
1.154096654453481197e+00
5.864069897449377677e-01
1.204443943469496681e+00
2.088216295087157892e+00
1.569584976160035783e+00
8.589732131527811898e-01
1.062670789408596272e+00
1.171191802972585627e+00
9.243866596646351796e-01
8.388312915453860485e-01
1.484407233959033956e+00
1.171998601901368398e+00
7.735717287904011474e-01
7.083166384708758923e-01
1.186580453881629360e+00
1.071810398446698231e+00
1.208320367227352587e+00
8.292626868547341434e-01
9.487105509499611511e-01
3.005418726086070969e-01
8.065868581679737082e-01
8.293496838512914859e-01
8.904216756362113294e-01
1.076061051679805258e+00
7.519438130046276481e-01
9.159478648009342638e-01
9.520983488881487045e-01
6.678150783328504758e-01
7.932528275734203049e-01
7.474520386347509593e-01
1.407020372876421233e+00
6.070643810268057106e-01
9.728811848470489965e-01
1.240711341682340318e+00
6.616062194425986753e-01
1.210650150901630084e+00
7.279808096253972405e-01
1.062035421909744315e+00
1.233228739487133963e+00
1.327396009081363015e+00
1.081529335085325005e+00
1.444770314410814604e+00
1.582063211433693439e+00
1.194423378873994634e+00
8.377449571925315031e-01
6.803821594950857365e-01
6.275080355527794529e-01
7.982711601381701216e-01
9.214821532736912069e-01
8.276110599301950144e-01
4.814172896540599433e-01
1.341474215217247412e+00
1.618422218116654321e+00
5.225558699546888342e-01
1.233789140412121288e+00
7.480700006150928782e-01
1.183190217214258544e+00
5.722671403422316949e-01
1.286647390805647051e+00
9.776465627412715964e-01
1.279214540915571074e+00
7.726191467087821785e-01
5.857977781011258767e-01
8.029343524432150936e-01
8.777797918299348190e-01
8.525212877610652829e-01
7.259711749425388216e-01
1.210632785423340740e+00
6.751293706087362345e-01
9.601727822968755266e-01
1.179302396732050173e+00
1.463125668211016750e+00
9.406323005633248080e-01
1.209312357111148817e+00
5.145483758856999046e-01
9.242222974775125000e-01
7.831683706034497927e-01
8.559715450060036979e-01
1.408800023926279454e+00
9.749445849214066762e-01
1.167328592526495568e+00
7.722879759200302896e-01
5.100477644923616660e-01
5.330153921436928677e-01
9.555285849018215760e-01
1.036919573836067920e+00
7.854275729209034829e-01
1.363565849709631239e+00
1.657656379602476804e+00
8.667431183688656393e-01
9.957832356412730235e-01
1.715305965224229068e+00
8.868611881924974849e-01
1.003649222775225613e+00
8.216941265706141362e-01
7.791676090059469484e-01
1.313034725595728425e+00
7.397758011728982064e-01
4.801275058174717669e-01
1.161555459548397229e+00
4.637318479466435717e-01
6.080706227223142690e-01
1.010729175244775124e+00
8.092657354425060179e-01
7.513611316873221035e-01
8.140811349376754213e-01
1.414913374204188834e+00
1.103585384914224754e+00
5.689841967181330507e-01
1.276353715199880945e+00
6.658193797992373320e-01
1.693249476815579024e+00
9.255466043157827283e-01
1.631465883747594603e+00
7.929563115880324808e-01
1.343794070635574656e+00
7.517744447626449888e-01
9.347487562121048477e-01
9.223358449623432209e-01
1.874664658533538475e+00
5.639482033768170588e-01
1.198129013406634691e+00
1.080933427436228111e+00
6.566828599473789607e-01
1.731306418385233581e+00
1.169148904603165784e+00
1.049650598546815417e+00
7.906390914385064139e-01
1.418430691718611802e+00
9.995221597741982267e-01
3.283705590585877521e-01
5.143124456264378530e-01
1.064137226279582737e+00
8.407000464138857376e-01
1.175766845851646591e+00
9.540077640278649129e-01
4.917646249281308890e-01
7.145909100315384066e-01
1.001191385217504504e+00
7.698430147613490870e-01
8.207317217511165275e-01
8.138952743313034865e-01
1.211753717954967335e+00
6.169001591644104332e-01
1.542596835874426864e+00
1.714624580274960675e+00
1.096472674203634812e+00
2.543181715062722947e+00
1.269581263071784427e+00
1.918989727120896660e+00
8.464848555872535041e-01
9.326384650263507270e-01
1.457882457716439095e+00
9.922267650008781414e-01
8.994877771049749615e-01
7.085396016826169818e-01
1.081297643918924578e+00
6.656390719585162374e-01
1.673894262812311240e+00
9.767695941839154017e-01
1.724971393920375018e+00
1.049733882230183823e+00
1.029855605217972814e+00
9.805732526778251357e-01
9.460059802044871180e-01
7.647802509406851357e-01
1.177684947211723454e+00
5.885365420165169503e-01
9.999529616785352015e-01
4.113441824818096504e-01
1.123837662786230318e+00
1.691781220644197781e+00
4.584376176600791220e-01
1.525818712270826882e+00
1.272499929155014087e+00
5.978491783506485469e-01
7.951778956961872424e-01
9.445505244364693631e-01
1.225760575262582863e+00
8.150866949858990296e-01
5.284516992881886921e-01
1.061596427729393000e+00
1.398920080435548829e+00
9.199096070681466175e-01
7.065100619690490857e-01
6.660439484595424009e-01
3.695358041045653796e-01
6.888167674405627494e-01
1.311595267995700365e+00
8.331361730619455397e-01
1.192939872256242761e+00
1.144122532704238138e+00
1.297478909253746426e+00
1.288747538405486281e+00
6.761199618298010527e-01
9.619305835003800764e-01
1.461371186662438149e+00
7.896362412341711989e-01
1.175443636202556874e+00
1.354134125380435538e+00
1.990952920934591752e+00
9.116067994999113022e-01
5.341377056900979969e-01
1.126680909284889731e+00
1.380326182429141735e+00
1.186668871902152755e+00
1.468387892656328964e+00
3.916843111010570033e-01
8.284155460127158310e-01
8.963427309629261597e-01
1.664080318778974554e+00
8.063543427168265998e-01
7.668509873406215149e-01
1.129798010865866953e+00
1.374488692525866806e+00
1.213672072759518716e+00
1.305436092981242080e+00
1.089945133793798870e+00
1.128294998983929265e+00
6.662014690260900096e-01
8.042006135471997386e-01
5.713320879155692200e-01
1.034549171430792613e+00
1.553363758686339136e+00
1.578314461389563217e+00
8.484927127974045691e-01
5.183840012500623429e-01
7.517385911180363145e-01
1.759936998095223082e+00
1.199593602926171343e+00
1.377280804230969213e+00
7.006110618903867993e-01
1.450964315482587086e+00
1.718969085610417835e+00
8.634738980088118021e-01
8.992819518876062901e-01
1.216706000240686425e+00
9.634114333050132206e-01
6.120189856713622589e-01
2.341306827814332969e+00
5.271436905334729861e-01
8.763898520781137069e-01
1.134932282553044347e+00
1.450837336541846323e+00
7.372371310145404699e-01
8.473729940571873565e-01
1.687713777813736105e+00
8.124166208248116972e-01
1.309301923094316145e+00
1.491357596908322591e+00
8.965376123932636832e-01
6.334978220504579038e-01
1.947146871131563817e+00
5.630973962315602988e-01
1.070386556061093231e+00
7.852711405464640748e-01
7.954508645814600820e-01
1.311924279880399169e+00
8.377992039679367231e-01
1.850512913067281939e+00
6.096124177168729119e-01
