[  3.81405448e-01   1.65270071e+00   4.90415229e-01   1.48341085e+00
   9.96501870e-02   1.62499481e-01   2.16309458e-01   1.35614963e-01
   1.07559465e+00   4.26156798e+00   5.66910672e-01   9.21996269e-01
   7.11764181e-01   2.85677108e-01   4.79670917e-01   3.30486640e-02
   1.61047454e+00   5.19338382e-01   2.25704926e-01   7.91168933e-01
   6.31755008e-01   9.53980332e-03   9.92566668e-01   1.73843950e+00
   1.10024857e-01   1.13105532e+00   6.51157614e-02   3.44877128e-01
   5.89280646e-01   7.52729798e-01   1.67108088e+00   9.90063313e-02
   5.65500153e-01   8.95890944e-01   3.19207947e-01   3.04552158e-01
   1.01462617e+00   1.96837176e+00   2.52118585e-02   5.80939442e-01
   1.96274127e+00   1.66258538e+00   5.98838773e-01   4.20415092e+00
   1.55695830e-01   8.17904568e-01   3.27532281e-01   7.41258959e-01
   1.94667978e+00   3.01986360e+00   2.24278556e+00   2.17343275e+00
   2.23184513e+00   7.38458588e-02   1.20967909e+00   3.86400846e-01
   9.31260146e-02   8.85835481e-01   1.20789336e+00   1.04812993e+00
   1.78918999e+00   3.89188512e-01   9.69921460e-01   1.71250543e-01
   2.14919851e-01   2.41726358e-01   2.01811491e-01   6.17960821e-02
   1.36404433e-01   3.96201252e+00   2.09357651e+00   4.12044583e+00
   1.47311385e-01   2.63926918e+00   1.06915887e+00   3.50709286e-02
   9.53062421e-01   3.29207880e-01   9.96548302e-02   2.89306196e+00
   1.58497578e+00   9.11708426e-01   2.20738745e+00   5.86439619e-01
   1.63400727e+00   1.23650068e+00   1.08535190e+00   1.70336676e+00
   1.04723887e-01   1.24447720e+00   3.96064093e-01   2.43599598e-01
   1.77297928e+00   1.92007045e-01   5.50943350e-01   1.83109476e-01
   9.52326635e-02   4.59426065e-01   2.01320169e+00   3.08683760e-01
   8.30043284e-01   2.74582304e-01   1.64489414e+00   1.59248265e+00
   2.41637960e+00   8.66330593e-01   1.93739476e+00   1.29127443e+00
   1.96254428e-01   1.10696928e+00   2.21757457e-01   2.46615931e+00
   1.66794715e-01   5.19564500e-03   2.88001499e+00   6.11409485e-01
   4.70766744e-01   8.00591552e-01   4.97109123e-01   3.53858061e-01
   1.37986156e+00   2.00391498e+00   4.57690660e-02   1.16366065e+00
   2.47888214e+00   1.32378051e-01   1.05958736e-02   1.58953421e-01
   1.89472956e+00   1.76270722e-01   1.65497763e-01   2.79181698e-02
   2.45474803e+00   3.88796909e-01   1.72017546e+00   6.36213949e-02
   7.46964437e-01   7.87036990e-01   1.46366842e+00   6.17557662e-01
   3.26625489e+00   7.18780035e-01   8.04819048e-01   7.48205947e-01
   2.27419731e+00   1.23536593e+00   2.26164227e+00   5.05081026e-01
   1.00779277e+00   4.87752949e-01   1.38249486e+00   5.61207607e-01
   9.37472632e-01   3.54133009e-01   1.15449644e+00   7.07863273e-03
   1.57039405e+00   8.38112072e-01   1.64694880e+00   3.03445890e-01
   5.74276130e-01   3.20680417e-01   2.68393464e-01   6.21821367e-01
   1.41975760e+00   1.51267724e-01   4.10982227e-01   8.83158298e-01
   4.33374468e-01   1.97879528e-01   3.24095436e-01   1.06792405e+00
   8.93422055e-02   9.43517724e-01   1.50449601e+00   4.50625420e-03
   7.75519922e-01   3.70723898e-01   8.10342647e-02   8.45165308e-02
   2.57131887e+00   9.13301109e-01   1.58612984e-01   1.58238887e+00
   1.27474082e+00   6.88484605e-01   7.90993361e-01   8.66059186e-01
   6.59587949e-01   1.01051204e+00   1.30918203e+00   8.12457369e-01
   4.00930607e-01   1.34907707e+00   1.89036748e+00   1.59026257e+00
   2.76840576e+00   1.72527792e+00   9.41638886e-02   2.96356439e-01
   9.86004479e-03   7.71452016e-01   7.06149516e-01   3.80814535e-01
   2.80962153e+00   4.60764449e+00   2.61823721e-01   1.07315176e+00
   2.81354101e-01   1.43543445e+00   1.96863555e+00   1.27088216e+00
   5.37169647e-02   5.18089528e-01   8.21868803e-01   1.02771196e+00
   1.61756947e-01   6.81679064e-01   4.44493624e+00   1.70703750e+00
   1.89724830e+00   1.09545915e-01   1.42008013e-01   7.28959486e-01
   3.40489495e-02   9.68165073e-01   4.03994355e+00   1.79862930e+00
   7.81525924e-01   1.71180303e+00   5.59206983e-01   1.01381818e-01
   5.26794356e-01   3.94782608e-01   5.45735747e-01   9.49892818e-01
   6.32518777e-01   4.08452225e-01   3.58981543e-01   8.44016155e-01
   4.88597961e-01   1.66706699e+00   2.71528021e-01   1.10700324e-01
   2.02018133e+00   3.80824050e-01   2.01362076e-01   6.93222197e-01
   2.71763309e-01   5.47779712e+00   1.83924810e-01   3.03129147e+00
   1.39363338e-01   7.25555690e-02   7.23799894e-02   2.53791701e+00
   9.54476570e-01   3.20655387e-02   8.30708454e-02   8.11576623e-01
   2.25596077e-01   1.75370593e-01   5.14260873e-01   6.00980430e-01
   1.46771930e-01   1.34991843e+00   1.46522498e+00   2.21106047e+00
   1.43084783e-01   2.92016195e+00   3.28157446e+00   2.62956000e+00
   1.45072594e+00   4.90999349e-01   5.73021288e-01   6.78633071e-02
   1.90920449e-01   3.98904140e-01   5.11426829e-01   2.27071786e+00
   1.44601753e+00   7.39869204e-01   1.90764335e+00   1.57777779e-01
   1.19028132e+00   4.08328046e-01   1.21950122e+00   1.17439427e+00
   1.01115835e+00   2.03878494e-01   2.52139834e+00   7.21859613e-02
   1.80088499e-01   1.23063266e+00   7.19138260e-01   6.68236387e-01
   8.42129858e-01   1.55672384e+00   5.88412365e-01   1.39888975e+00
   1.20517041e-01   2.51955882e+00   3.43205314e-01   1.40805690e+00
   3.61218098e-01   7.32959514e-01   6.46382101e-01   1.93888589e-01
   1.52943673e+00   3.39625338e-01   7.36726291e-02   7.52336394e-01
   1.23630721e+00   2.35892416e+00   1.02266077e-01   5.80147064e-01
   1.18741554e+00   8.59195589e-01   4.24861837e+00   2.33994345e+00
   2.25689522e-01   1.38813172e+00   4.88316255e-01   2.42620723e+00
   4.85600575e-01   1.02434552e+00   2.59211573e-01   2.71387642e-01
   4.48979319e+00   1.52721261e-01   8.75341982e-01   9.66848848e-01
   4.59953412e-01   1.62472710e+00   1.23017572e+00   1.36818382e+00
   2.79527197e+00   9.59462228e-01   8.08638268e-01   9.05397622e-01
   1.40627234e+00   7.69001664e-01   8.04121250e-01   2.01425672e-01
   3.20618216e+00   1.36439642e+00   2.65987220e+00   1.05552916e+00
   1.08061738e+00   2.96064847e-01   3.57899366e-01   4.47836874e-01
   2.43106085e+00   2.13021918e+00   1.13124492e+00   1.69113716e+00
   7.29578040e-01   2.56061207e-01   9.35120356e-01   6.07206431e-02
   5.49181187e-01   4.81570667e-02   1.32275285e+00   1.26458012e+00
   3.88136578e-01   1.16068237e-02   1.58319634e-01   4.01498017e-02
   3.01386524e-01   4.15394038e+00   1.09792179e-01   7.21379280e-02
   6.28783126e-01   1.34411421e+00   2.24602783e-01   6.29262529e-01
   2.61511401e+00   1.26361215e+00   2.89381388e+00   1.99997823e+00
   1.51784870e+00   5.96589979e+00   2.63492045e+00   1.12161194e+00
   1.93032497e+00   1.29030197e+00   4.78509064e-01   2.24375912e-01
   9.79684727e-01   7.41632601e-01   7.01679403e-01   4.83899757e-01
   6.82877069e-01   8.78187303e-01   1.67924536e-02   1.51446527e-02
   5.97816164e-02   2.89477618e-01   8.93944630e-01   2.79903456e-01
   1.53506287e+00   6.02197970e-01   1.07562398e+00   1.08520525e+00
   1.19962681e+00   1.97720143e-01   2.09478593e+00   4.51068954e-01
   3.37094816e+00   6.69673921e-01   6.79257086e-01   8.55370005e-03
   4.92805982e-02   2.15269101e+00   1.20289349e+00   5.08506974e-03
   1.94452346e+00   4.67064462e+00   1.50900718e+00   1.03826243e+00
   2.30203403e-02   2.31903285e-01   3.12369490e-01   2.14957329e-01
   2.34482166e-01   9.27603920e-03   1.25567950e+00   2.32891390e+00
   3.01664823e-01   1.36386740e-01   2.25303959e-01   2.76748936e+00
   2.29332766e+00   6.57156458e-02   1.03018492e+00   2.64139697e-01
   1.36496654e+00   7.46941241e-02   1.35536032e+00   8.18193116e-02
   2.15058861e-02   1.06315717e+00   3.84540775e-01   2.40757210e+00
   2.47448884e+00   9.90485182e-01   9.97096026e-01   2.49375012e-01
   4.08044171e-01   9.04333711e-02   6.03358580e-01   2.79582936e+00
   3.47767452e-01   7.95686584e-01   7.43994582e-01   7.00534823e+00
   8.64806791e-01   2.32313511e+00   2.39525091e-01   1.13497192e-01
   1.73636576e+00   2.14573861e-01   1.74777655e-02   1.91844729e-01
   1.06515667e+00   4.18181611e-01   4.19706490e-01   3.69401888e+00
   1.86901453e+00   1.21544824e+00   2.98610352e-01   3.80541639e+00
   2.49935938e-01   3.59353645e-02   3.11632981e-01   1.63825160e-01
   1.08114711e-01   8.86700538e-02   2.02371873e-01   1.84277482e-01
   1.94627844e+00   8.29343620e-01   7.47803918e-01   1.62129905e+00
   6.96319911e-01   6.15074417e-01   2.80234884e+00   7.77499751e-01
   1.19817294e-01   2.39339750e-01   5.31608456e-01   1.82777552e+00
   1.73070648e+00   2.13645238e-01   2.11326427e-01   1.76113887e-01
   3.83218633e-01   1.60745192e+00   1.84231704e-01   1.24538368e+00
   1.07171664e+00   1.36243260e-01   1.96367443e-01   7.83322397e-02
   1.17071574e-01   8.82324320e-02   8.90493533e-01   1.57590768e+00
   3.68830816e-01   1.73500860e+00   1.73150346e+00   1.50587102e-01
   7.83741932e-01   9.62777091e-01   2.74315538e-01   4.78198031e-01
   1.00606965e+00   3.70332541e+00   4.17957233e-01   4.72628750e-01
   1.02502969e+00   3.00667413e-01   4.94319647e-01   2.21739676e+00
   1.74771483e+00   3.94745005e-01   1.04188441e-02   2.85358564e-01
   4.47724496e-01   1.12751080e+00   4.38785846e-01   1.52155480e+00
   7.02829199e-01   8.26205792e-01   7.26398239e-02   3.00568951e+00
   5.39013652e-02   5.28894923e-01   2.34075144e+00   1.51764507e-01
   9.14135066e-01   4.96062527e-01   2.34881006e-01   5.46748382e-01
   8.08647288e-01   2.78503189e-01   6.93106746e-01   8.04838252e-01
   7.06522539e-01   6.43353702e-01   1.18479484e+00   8.88742068e-01
   1.42128388e-01   3.53484178e+00   1.90159013e+00   5.90939306e-01
   2.14791508e-01   1.29442841e+00   3.87964770e-01   3.38685471e+00
   3.16874830e+00   2.78324386e-01   1.04493623e-01   3.22765529e+00
   8.46083520e-01   1.31027790e-01   1.67585993e-01   1.01929575e-01
   9.32017413e-01   2.12337536e+00   5.73437774e-01   4.77889636e+00
   2.86065394e-01   1.90049309e+00   1.63261845e+00   1.95517078e+00
   1.13378190e+00   6.74509347e-01   7.21793958e-01   1.17411247e+00
   3.90736294e-01   2.08529915e+00   1.45428554e-01   3.61101688e-01
   9.99139501e-01   1.76902852e+00   8.18688966e-02   2.99419939e+00
   2.15955457e+00   5.58495421e-01   6.36340919e-01   3.88311548e+00
   8.45162028e-01   4.79766273e-01   9.40346903e-01   2.76358865e+00
   2.11638810e+00   1.97379004e+00   5.48404432e-01   1.14890012e+00
   2.98430979e-02   3.39383310e-01   9.67610174e-01   9.71069827e-02
   1.59153725e-01   1.82894698e+00   4.91181066e+00   2.39824299e+00
   5.53252219e-01   3.94609562e-01   1.52515035e-01   5.61134244e-01
   5.75975926e-01   1.01099858e+00   1.10816755e+00   1.34834906e+00
   3.36101096e-01   3.19731784e-01   1.20228302e+00   4.69055809e+00
   1.08683667e+00   1.66362844e+00   7.09055287e-01   1.37863954e+00
   3.00265540e-01   2.05222583e+00   1.37907492e+00   1.08480079e+00
   1.25247450e+00   8.17883574e-01   3.43854403e-02   2.00993217e-01
   1.40311641e+00   2.72219763e-01   6.90331987e-01   5.24723503e-01
   3.55407765e+00   7.22250542e-01   2.13186700e+00   9.21681366e-01
   4.11863381e-01   1.20110261e+00   3.52378531e-02   1.13796485e+00
   1.05157773e+00   2.26225955e-01   1.29619568e+00   7.93417006e-01
   5.63438178e-01   5.35689590e-01   2.98572538e-02   5.41442611e-01
   4.33860064e-01   1.97703592e+00   4.85268564e-01   7.40115373e-01
   1.76990590e-01   2.55847575e-01   2.45593651e+00   3.77510238e-01
   9.37681309e-01   1.47376457e+00   2.76977912e+00   1.93765197e+00
   4.68430616e-01   3.81382268e+00   2.60339391e-01   8.03970445e-01
   1.96180988e+00   1.89048604e+00   1.82743543e+00   8.16253696e-01
   9.95574366e-01   1.40072794e-01   2.33868591e-01   6.29591748e-01
   5.75974420e-01   5.84594681e-02   9.20006719e-01   4.79238471e-02
   2.05656328e+00   1.82701310e-01   3.19453407e-01   7.65041561e-01
   1.14849732e+00   8.87116219e-01   2.96607333e-01   5.13533550e-01
   2.77819975e-01   1.69936068e-01   3.12590090e-01   5.34127878e-01
   8.06399555e-02   8.23788766e-01   2.68121753e-01   2.96569481e+00
   1.84829463e+00   1.01755529e+00   1.17521514e+00   1.64790646e+00
   3.52355833e+00   1.50638220e+00   1.65698139e+00   1.29747572e+00
   1.96511630e-01   6.37240206e-01   2.64576017e-01   2.06430237e-04
   3.58427580e+00   6.93747462e-01   2.23307202e-02   8.60672685e-03
   2.72609731e+00   1.07756816e+00   5.33766934e-01   2.25596680e+00
   7.10933412e-01   1.40206121e+00   7.65011434e-02   4.16960250e+00
   7.21794101e-01   8.66022226e-01   1.57411656e-01   2.74394191e+00
   8.40594249e-01   5.72567355e-01   6.05091524e-01   7.22072409e-01
   9.96086654e-01   5.34634676e-01   1.79009541e+00   3.23015902e-02
   2.26264551e-01   6.47689462e-03   8.52908876e-01   9.14409321e-01
   4.95384498e-01   4.54986682e-01   1.54743059e+00   1.34982540e-01
   4.96777991e-02   3.89769887e-01   1.66441042e-01   1.00440649e+00
   8.04428463e-02   3.17011808e-01   1.19296323e+00   2.38261666e-01
   4.67414464e-01   4.43588375e-01   1.22589060e+00   3.67568638e+00
   2.23588602e-01   1.79742002e+00   1.42889064e+00   1.13654171e+00
   1.06808403e+00   2.60554158e-02   1.28064361e+00   3.45286382e-01
   8.17569991e-01   2.67037248e-01   1.22724821e+00   1.20710732e+00
   1.33721118e-02   1.31319400e+00   8.28670143e-01   8.57879264e-01
   5.27522880e-01   1.70699863e+00   2.45913010e+00   2.33738550e+00
   9.11713153e-01   6.05970752e-01   1.88161468e+00   2.94326186e+00
   2.52241256e-01   4.80087803e-01   2.22074889e+00   3.63932945e-01
   8.91741952e-02   1.67255144e+00   1.73147021e+00   1.31933199e+00
   1.81544212e-01   4.72268677e-01   7.44352680e-01   1.22769096e-01
   9.49959583e-01   1.33471487e+00   9.19429915e-01   1.02398193e+00
   5.15511754e-01   1.22283322e-01   3.90626255e-01   4.12471131e-01
   1.45214093e+00   3.24364967e+00   1.34833706e-01   1.28912625e-01
   7.82787075e-02   1.01992048e+00   4.04177385e-01   5.27290642e-01
   8.86253255e-01   1.11503242e+00   4.82943997e-01   4.22803527e-01
   6.80017885e-01   2.06471764e+00   2.86492080e+00   7.31582985e-01
   1.17961936e+00   2.94402746e-01   5.50555943e-01   5.82675971e-01
   1.25793196e+00   3.27060091e-01   1.88436628e+00   1.08602822e+00
   4.82613760e-01   2.01823434e-01   2.28260126e+00   2.73134432e-01
   4.98914002e-01   1.12673339e+00   4.65396802e-01   7.40264520e-01
   1.10035954e-01   2.22903284e-01   2.40487736e-01   8.67825484e-01
   1.20622766e+00   9.10062254e-02   3.39278529e-01   1.61178798e+00
   5.63004542e-01   9.85754320e-02   6.87275137e-01   2.23952307e-01
   8.78042755e-01   1.77156691e+00   1.55478025e+00   1.01310981e+00
   1.35284210e+00   4.30311098e-01   1.08153282e+00   1.33134224e+00
   5.40610875e-01   1.41572243e+00   6.87473789e-02   4.05315233e-01
   5.01389683e-01   1.95087811e+00   6.53494186e-01   2.27468612e+00
   1.88914198e-02   1.30349000e+00   1.57047252e-01   9.73113838e-01
   2.29619615e+00   5.07563322e-02   4.17053421e+00   1.36749503e+00
   6.02732648e-01   1.17485457e+00   2.40635269e-02   3.65802008e+00
   2.34588033e-01   7.05748951e-01   2.38339421e+00   1.93734170e+00
   2.42999384e+00   1.53369891e-03   1.50236088e-01   5.46223720e-01
   5.80281743e-01   1.04433483e+00   5.62558738e-01   1.39985802e+00
   2.91288449e-01   2.09948653e-01   2.74569250e+00   2.96474636e-01
   2.74200315e-01   2.48044561e+00   4.17190194e-03   3.70235682e-01
   1.38214197e+00   1.53624873e+00   4.80697429e-01   1.88425953e+00
   2.79620467e+00   1.62916730e+00   6.34233820e-01   1.46320952e-01
   3.30967029e-01   5.12388407e-01   6.75207032e-01   2.13499804e+00
   1.13308321e+00   2.40658141e+00   2.60283597e-01   2.36315101e+00
   8.01880295e-01   5.52200696e-01   3.63237966e-01   1.16932408e-02
   7.86856417e-01   1.49193355e-01   2.93743665e-01   2.95928485e-01
   2.53906971e-01   2.41975603e+00   1.40002920e+00   1.86961249e+00
   1.27512293e+00   1.78278479e+00   5.94212543e-01   3.62933112e-01
   8.10255416e-01   5.29145392e-02   9.48284682e-01   1.86477098e+00
   7.45100735e-01   2.17301789e+00   4.27245336e-01   5.19820737e-01
   6.54942795e-01   1.93198630e+00   4.49847706e-02   5.42435211e-01
   6.79523107e-01   4.78848292e-01   2.04298602e-01   1.22066585e+00
   2.59312009e-02   1.51474697e+00   9.16690382e-01   1.84511317e-01
   9.11983802e-01   2.54026276e-01   2.72718055e+00   2.55521650e+00
   1.47203838e-02   1.91690477e-02   3.67508626e-01   1.12960427e+00
   4.56940840e-01   9.22019956e-02   3.26576095e-01   7.17747453e-01
   4.34578762e-03   1.90717248e-02   1.70391331e-01   2.87972183e-01
   2.88518904e-01   2.27731592e+00   3.21881818e+00   4.38818646e-01
   7.91916217e-01   2.70059587e-01   9.02941924e-03   3.64304710e-01
   2.84314399e-01   1.70212992e+00   3.91557727e-01   6.86697990e-01
   2.40542863e-01   8.72141595e-02   2.90578157e-01   5.13459357e-01
   8.26351722e-01   1.33578397e+00   3.51402430e-01   1.64440228e-01
   4.05500883e-01   2.17001675e+00   5.43268372e-01   7.05795252e-01
   7.96276863e+00   4.00643382e+00   2.31589359e-02   3.39384212e+00
   3.05355501e-01   7.20118179e-01   3.54151696e+00   2.59280217e-01
   2.35049571e-01   4.93475833e-01   3.80728407e+00   7.38501219e-01
   1.40983646e-01   2.90740287e-01   1.65023129e+00   8.89924526e-01
   3.15283367e-01   9.70539439e-01   9.04851364e-01   7.36365235e-01]