2.252719503025720216e-01
9.721390243116905250e-01
1.216199861626273027e+00
2.831280957425515332e+00
1.481779143750131533e+00
1.712271410066488420e+00
5.750542905230194846e-01
3.703013718942456678e-01
1.083538218857051233e-01
6.877228658528169447e-01
1.242321388328517351e+00
2.031387343608754767e-02
1.706186519722604267e+00
1.580622644012700029e+00
7.093510870815090685e-01
7.330833634267914789e-01
2.261230645119295668e-01
1.456245379310457944e+00
4.111998616494055847e-01
2.876439647390078291e-01
2.381092933038492232e-01
1.635222426129713247e-01
3.243634094841108678e-02
1.398694596240118715e+00
6.916724157080271496e-02
2.786252771490298041e+00
1.472941419881974023e-01
1.821240079035008952e+00
9.632845352516932191e-01
7.431977566892552511e-01
9.265629127122649855e-01
6.906149877959558703e-01
1.031569825692556286e+00
8.520994764443502734e-02
1.464291198076340672e-01
3.567903565479865202e-01
2.960757840172274502e-01
6.764140322817979722e-02
5.861858265243200528e-01
4.469424834062894480e-01
3.137148483624152551e-01
3.144575895372513141e+00
3.315668641412760631e-01
5.828672397757289625e-01
2.517563747076109193e-01
1.181376487978060830e+00
1.181932694529766348e+00
7.362567883374482314e-01
3.889787662645349808e-01
4.302170860644758954e-01
2.210241146909956989e+00
2.358711457622906682e+00
5.066244547095043460e-01
1.659811128468926089e+00
1.068968856495553066e+00
2.163852936108347919e-02
6.712582755185916294e-01
7.275544127643778225e-01
7.463228689534138205e-01
1.204042102319349133e-01
1.354340216641072292e+00
2.422635524909969029e-01
6.318620572239667110e-01
2.001991995129673629e+00
6.406830433729127083e-01
3.093263101574071916e-01
1.453536344221030507e+00
6.626388372316351916e-01
2.378526326835590066e+00
7.174105394690982740e-02
1.658303642404836298e+00
1.081321218284990948e+00
1.319479972639982401e+00
1.656355988344299535e+00
3.066830626839328833e+00
7.859186547841534587e-01
2.320760107034788022e-01
2.340896652362511432e+00
5.316232024432030606e-02
2.337189051108501114e-01
2.122919660421444532e-01
7.115538207034718399e-01
2.271787923231350648e-01
2.216595114681719214e-01
2.864432941166485058e+00
7.105552399849504042e-01
4.383181501459250673e-01
2.170973753139473938e+00
1.728009091564191690e+00
1.659401801109923857e+00
3.313867836031626712e+00
1.789485048490860430e+00
1.436677925900176955e+00
1.693474015029009294e+00
7.826696166049954551e-01
8.135434481051863065e-01
2.113295368622402359e-01
1.392296590568089742e+00
6.439381926592103733e-01
8.960304390599677093e-01
1.050438741184060998e+00
2.000452110528118943e-01
1.122580508559808621e+00
8.852858170804663862e-01
8.273089409932670169e-01
3.097806644093362149e-01
9.993099691316357225e-01
1.059929553271975744e-01
7.062626137815558591e-02
3.318523390239373483e-01
1.143203017291031659e-01
3.169705003012956435e-01
6.938045061191550067e-01
7.528294212340711500e-01
2.658360846392573418e+00
1.278105126670689151e-01
3.232156964932834664e-01
5.743837991814765509e+00
1.832920545272793689e+00
3.708978969314484342e+00
4.553630600703012510e-01
1.166158396934304342e+00
1.136349473412391342e-01
2.318858688153160763e+00
1.392674215699717666e-01
1.450073401580345145e-01
4.370869664023063206e-01
7.666849276123988144e-01
5.744320434083368676e-01
2.101134764996557824e-01
6.511309126047771789e-01
1.321996424496248990e+00
5.287742737914863156e+00
1.170296863593306647e+00
4.839049473327933226e-01
9.095858390510568325e-01
1.603817900066945690e+00
3.477444429620729638e-01
1.778115141733674354e-01
3.357770712983237260e+00
8.038019425743243573e-01
1.845322929077565857e-02
1.461193329016026721e-01
2.810038446011263735e-01
3.680148350853250427e+00
7.082505684643692900e-01
3.749819480553192586e-01
1.679579127615284273e+00
2.482017215716262881e-01
1.400373906407538671e+00
1.041716574598082978e+00
6.611735356393239060e-01
1.678146882907289583e-01
1.777316250163811784e-01
3.983605760223788983e-01
1.975583653602098755e+00
3.634059163104055856e-01
3.940501092908292313e-01
4.220328770354815795e+00
8.104099491573715786e-02
2.598876403797189205e+00
3.182361642733743667e-01
2.527612593214910719e-01
8.503848851422779465e-02
2.154406526947079570e+00
4.304180874345650554e-01
1.656754996691056192e+00
1.804369291608578951e+00
1.974901049308734668e+00
1.392132994926425393e+00
2.328130280455666390e-01
4.434675561476668637e-01
2.031866583537502713e+00
1.140513797051151856e+00
1.634626186607940901e-01
1.069259677535117303e+00
1.373797556774048800e+00
1.420190169792976964e-01
1.924112417631457905e+00
1.840211416681379886e+00
1.209608322322039131e-01
3.725474430981473795e+00
1.207901077896309960e+00
8.399828356223052461e-01
2.679446351941958127e-01
1.769364205307527027e-01
9.745385905333039389e-01
5.468265339812869996e+00
7.240505608518776892e-02
3.334625597798081653e+00
3.540604720188292864e-01
8.242447110645638730e-01
1.989968034459492330e+00
2.425737998755396863e+00
2.728203082243069399e+00
6.301040430760510569e-01
1.068366855692321066e-01
1.434008213571475732e-01
6.052463582909597406e-01
3.582232382517540614e-01
1.792576863688902233e-01
2.385140060419979613e-01
1.241123287168959255e+00
1.099067958965984637e+00
1.142990719014285395e+00
4.369588707775302616e-01
1.741440744713512956e+00
2.066751668716389767e-01
1.426392048605643170e+00
2.528342829696947902e-01
1.795628110993293669e+00
1.294943365594386941e+00
9.550320181002907027e-01
8.418300262903577469e-02
4.425092204950663022e-01
2.028223888491856197e+00
1.246268676586857138e+00
1.657356558087807463e-01
2.823823285343973755e+00
2.231940274286638548e+00
4.461518950924150961e-01
4.131389943319916824e+00
3.183824148323387004e-01
8.305784227350899718e-01
1.668715048001694345e-01
2.376493820863343487e-01
7.101300384368240959e-01
1.574566351100907813e+00
2.031689170729970240e+00
3.988381966332134709e+00
5.205963470856354025e-01
3.153595102991219701e+00
3.745777839339395343e-01
1.025552920163672332e-01
2.041716056283891800e-01
5.778418587064655387e-01
5.739808103203569711e-01
2.063417389516831180e-01
2.430362523483228010e+00
4.261117821783094728e-01
6.542548724473132848e-01
5.728936492253401680e-02
1.736732084763163098e+00
1.370939761456234862e+00
1.662521962470089598e-01
3.364580813904203827e-01
1.556352130455993965e+00
3.868356922666700282e-01
1.249447921716149434e-01
1.130097065780806043e+00
7.551709031797220195e-01
2.738995878690096350e-02
4.471047991657037257e-01
1.820390276670073915e+00
1.314627264439513499e-01
3.181954942255307728e+00
3.143390677720500070e-01
4.292221369858635338e-01
2.946905005027393720e-01
2.637171479056119594e-01
1.634420593062621274e-01
8.176620515229441333e-01
1.767347623308303251e-01
3.066063810021650848e-01
5.747468114994588317e-01
4.900170708605791070e+00
1.556518937215800369e+00
1.139838807693757561e+00
3.803942552826580781e-01
2.632789355580619217e-01
1.064008769999767567e+00
1.222783213146109382e+00
3.345476873216426839e+00
1.874294074625004303e+00
7.016246797099119359e-01
1.918858361730156961e-02
2.072150825925376250e-01
1.382660981487155105e+00
2.647285343684933956e+00
5.616694826084920322e-01
5.784036160862274789e-01
1.823135887901678354e+00
2.796569538053214066e-01
2.571368526521361497e-01
1.349887171656463769e+00
1.659277420835952643e+00
1.093231725287543282e-01
1.288115439558907172e+00
1.096284269645868559e-01
5.967915346480574534e-01
5.191520194477313721e-01
7.190263430648070608e-01
1.488497446136830993e+00
1.337886133733097616e+00
4.507740338801949909e-01
6.408888751151627927e-01
8.192397282280944326e-01
9.316625460266579895e-01
3.147582003166737308e-01
1.495245583163005154e-01
7.464657658117733463e-02
5.433192068699131960e-01
1.098545252080077583e+00
2.739106332208781858e+00
1.664859950712637371e+00
3.605775233073261754e-01
1.951685588665600823e+00
2.002512713033335778e+00
3.169025653224682770e+00
2.628696492585598787e-01
3.777669936443546206e-01
8.629059819610496174e-01
1.170262175976494179e+00
9.393972044053522374e-01
2.480369117275663393e-01
6.556460757547850626e-01
1.090692609945761449e+00
1.531847080329621358e+00
6.096686098761573414e-01
2.797546360321244430e-02
1.006987170430867051e+00
2.532348681335928053e-01
7.488901865551009784e-01
1.221252713468171380e-01
1.881490008768399724e-01
1.837453115538493442e+00
6.557448898335105358e-01
1.132727985524077052e+00
1.256914390733182785e+00
1.222843202262281492e+00
1.913244492555857823e-01
1.081339247567809081e-01
1.088380445833910803e+00
8.555625072535828768e-03
9.077147132131438978e-01
4.204898284664056463e-01
7.790145546575224511e-01
2.701298825324271125e+00
1.058488799513232381e+00
3.633875335975188303e+00
6.072041052411506490e-01
2.772100560525866619e+00
1.549602816310951814e-01
1.570482414383319036e-01
1.098687062845927098e+00
7.135838700001787549e-01
1.885273063398520688e-01
2.956385996682457939e-01
2.417832239265234606e-01
8.428603108477476791e-02
2.493621370813340621e-01
1.699111375919467815e+00
2.937066210232911478e-01
4.770646495862772007e-01
1.916505635678320107e+00
1.328159500540420312e+00
5.684739995916302524e-01
4.847432033952917552e-01
8.017275950379012528e-01
7.183858210703107927e-01
4.419675325560900037e-01
5.611416976316381255e-01
3.486226158171010781e-01
5.313532126120530386e-01
1.156752869769757774e+00
3.095133831030567162e+00
3.819717817376778735e-01
5.236865438935773831e-01
2.136718681046727575e+00
3.953491485413198614e-01
3.537912394697032004e-01
7.605704839703315845e-02
2.012801800859425505e+00
1.016730026571401435e+00
3.753041764421997661e-01
1.103151279894693415e+00
1.508315000065959310e+00
9.035767924828633779e-01
9.583042065000563214e-01
5.596279405097446258e-01
1.493877931977642681e-01
1.966580837755492750e+00
1.850886876401283687e-01
3.653042184340007936e-01
5.756965307803559861e-01
3.645160401918916548e-01
3.049992208448988329e-01
8.043512211970952341e-01
1.151560181469822863e+00
2.983890385272399026e+00
2.120377716972444482e+00
8.444740797202753280e-01
1.702364060159617942e+00
4.957886739962738543e-02
3.787067541714134178e-01
2.678657775473968883e+00
3.202165928064868439e-01
1.583292897431597179e+00
1.328985963300711726e+00
4.607437341670076458e-01
1.041935603882102879e-01
9.446914070088743287e-01
1.688179717806135294e-01
6.862730320131824602e-01
9.354589514686753038e-01
6.841637223094947096e-02
6.129287598016515126e-01
1.007752877928545621e+00
1.686168546732439433e+00
5.394600471116264284e-01
1.840141447812203790e+00
1.063330280780400566e-01
5.187380393296007197e-01
6.241957341936332782e-01
1.160066426929770023e+00
3.949875727420303351e-01
5.650840814254192157e-01
2.373838930119542279e-01
4.575099607083025433e+00
9.676055994718613107e-02
1.564314977501310155e-01
1.205797924989190806e+00
2.698840122180186540e+00
1.890204376671833053e+00
1.283881731687201433e-01
3.699446731332789007e+00
1.770577631754407077e+00
8.891555213437446481e-01
6.300624960636671545e-01
6.802041113301491304e-01
1.861273793539787835e+00
1.359692174051452707e+00
4.020948519210549854e+00
1.106899621029105552e+00
1.783238671783762275e+00
1.260499024633077392e+00
2.455797320791792970e-01
2.046428940539848085e-01
1.217782753881134106e+00
4.027647747363221065e-01
1.992159337536681118e-01
9.519099377678739149e-01
8.272835696895235458e-01
1.085324785782251888e+00
1.028851729641904189e+00
1.038423125216674681e+00
6.730911887473356447e-02
3.643621120249340151e-01
2.308119725186140059e+00
1.495471338380242265e+00
1.655737878748415381e+00
8.989019952066379382e-02
3.139039697949183694e+00
2.427608064977583524e+00
1.741157951075360977e+00
3.100448784538437641e-01
3.332920504692702401e-01
7.948288061910332436e-01
2.119268538370920330e-01
1.665438955734857285e-01
8.839721407084188964e-02
1.497739716012375766e+00
9.024043596384938581e-01
1.628049837218397411e-01
2.240660903696839235e+00
2.359149254658602590e+00
1.104843053632351468e+00
1.144837475138953398e+00
4.147743955866076138e-01
2.018637998723381011e-01
9.412163684861950541e-01
1.401496060895070617e+00
8.709653833660844224e-01
1.229208790337211754e+00
6.548998498602587315e-01
7.874628499620829336e-01
2.015660389320222401e-01
7.597133134755833517e-01
9.811184012261980891e-01
1.504630314880068820e+00
1.837385212294594172e+00
4.431911915379403433e-01
1.164472995525859700e+00
1.153950991950188243e+00
5.207101871124742987e-01
3.961267070136322288e-01
6.396445661502913049e-01
1.956746850933896331e+00
9.928179110427909349e-01
3.170116333615103921e-01
4.471109870833273048e-02
5.798173762783915830e-01
8.354569153153310612e-01
1.129499790086371469e+00
7.585973881529535223e-01
3.450277305605799483e-01
1.910169772115818260e-02
3.894050066358814011e-01
3.644740257656471916e-01
2.051441032443338308e+00
1.105936168797440056e+00
7.188166075917212794e-01
1.659866704426860906e+00
1.396301188968666729e+00
1.361440427529364783e+00
8.869371734549928998e-01
4.334166276485657554e-01
8.641668592828163353e-01
8.380959171605515401e-01
1.159882908926096912e+00
6.557112845110507626e-01
1.231577007787701739e+00
2.976512714734478315e+00
5.198765393557760461e-01
1.349072172648049683e+00
2.081480045095112086e+00
5.975278142976195861e-01
6.404049232447049655e-02
1.027796749857621927e+00
3.260998780618212245e-01
4.596030554227803488e-01
2.604533305183621139e-01
6.931989795192388115e-01
5.165628771932655183e-02
2.580548833127204844e+00
3.755394308820625415e-02
7.250881704562678332e-01
7.043867004049917391e-01
2.929917934631281334e-02
2.361813085166075687e-01
4.024744598085925329e-01
8.003983352777491733e-01
1.391364112855755675e+00
2.409854652878987480e+00
1.407580346683410533e-01
3.512617043403133410e-01
3.713769427419459646e-02
4.557206811305601901e-01
2.966371682836412393e+00
4.037771650776947330e-01
1.884109060222388221e+00
9.087000167164802633e-01
4.137728714091391535e-01
3.739859765798285718e-01
6.036839199339147921e-01
2.084241931814778681e+00
8.170263831793670439e-01
5.569221761590754660e-01
5.507756855767876880e-01
9.966470922217141037e-02
1.453641606887649207e+00
8.042631122312001724e-01
2.635108773513094027e-01
8.384762976048905081e-01
6.505436526686673160e-01
2.656984331148892320e+00
1.342143199123547737e+00
5.628125394878065180e-01
1.975218333100504653e+00
1.512785902076980271e+00
4.588778458225212797e-01
3.266230373653251084e-01
5.205305213083408766e-01
6.185696808315265249e-01
4.508378399190501540e+00
1.240989082557527157e+00
2.533548678974859025e-01
2.811684451469960155e+00
3.416892901177044362e-01
1.060147829452805363e-01
6.506272072582180988e-01
2.079117152706607463e+00
8.172499155412341620e-01
1.933279301748456636e+00
2.865431891142020682e-01
4.925700935260558522e-01
6.770728051514488532e-01
2.064366252785335032e+00
1.315556154895447305e+00
5.882997925605546463e-01
1.414107980724433611e-01
1.188407569254870122e+00
3.178614904387272455e-01
3.167350171840915163e+00
2.958659074359887953e+00
2.279764983938636025e+00
4.673278445458085850e-02
4.963264660961059782e-01
5.621694543799212740e-01
6.154918654913634768e-01
3.073961362027984201e+00
1.646504551738361855e+00
2.587216340682237270e+00
1.532933859208332750e-01
2.820691995830613585e+00
2.757413357425930744e-01
1.677012369965715344e+00
7.646820052834191195e-01
7.722008277859999659e-01
1.113370536480495110e+00
2.446889911133564299e-01
3.638068861402722898e-01
4.623092254556837033e-01
1.695447742624514031e+00
6.390398086275757006e-01
1.263638844769838121e+00
4.941920406213160533e-01
3.055859337415756105e-01
1.941892535852980606e+00
1.628882094323592877e+00
7.613473224058829869e-01
1.552805740813418378e+00
3.400778343294159622e-01
4.877488725382618517e-02
1.093257039287781396e+00
1.840508025330184205e+00
5.134627429684534006e-01
6.974416672305583376e-01
5.918564509239483407e-01
1.530616951702276962e+00
8.884383100756102492e-01
1.833605837069119282e+00
9.094285324661737224e-01
7.670932088132471904e-02
1.341632422538691638e-01
1.491440624758774425e-01
7.320324442179567681e-01
2.573819278656573895e-01
2.132670432645888126e-01
5.912958107794685780e-01
4.967305734443384635e-01
8.459973166118681664e-01
7.184426520227849000e-02
8.147017759337267517e-02
1.932371048294353244e+00
1.197945173644286099e+00
1.077539585578703774e+00
1.831141383113144838e-01
7.309478584492863362e-01
3.386369054000752943e-01
8.306633701993711150e-02
8.593207739350879892e-01
1.386306913229183591e-01
1.705328530512678076e-01
2.501606518993698680e-01
1.474779707843084209e+00
6.498234958076389844e-01
1.564990772232957239e+00
3.435602436246254499e-01
2.762665909818174281e+00
7.184876398876064441e-01
4.718970414201208996e-01
1.196657820394109395e+00
4.896306981208236042e-01
4.423664331993853338e+00
9.616473918153567446e-02
4.357716539811163692e+00
3.689017158265239793e-01
1.429256779371157027e+00
5.760865026752880480e-01
1.127821827192113213e+00
1.285504289966935998e+00
8.859365376228307554e-01
3.262335938094251819e-01
3.331113700745046202e+00
1.172981755361985901e+00
1.048329852505684112e+00
2.220879414689453102e-01
4.628246090603315710e-01
8.782788019683641645e-01
4.834591488136039117e-01
5.322738535923267067e-01
1.509985343487151299e+00
9.047729418382945976e-01
2.227025826829271971e+00
4.159670224251162396e-01
9.358786676970006768e-01
1.050472035413629213e+00
1.966178924765192848e+00
1.956473345893660731e+00
3.553242812310729359e+00
1.919839403920629461e+00
3.467697347582202050e-01
1.614289311265748150e+00
8.752656752002582197e-01
3.673867536369521680e+00
2.563533065829605717e-01
7.902130240429993124e-01
2.869196193974326459e+00
1.097044449963611834e+00
2.638453659019759812e+00
1.381124674246895001e+00
1.550543667118573055e+00
1.061044043533818648e+00
3.377675455360129586e-01
3.520199044185099574e-02
1.314068251104742346e+00
2.410345100023690623e+00
8.926027392658736348e-01
1.706146608361422679e-01
1.684852461228367737e-01
1.851640139442654931e+00
7.091484759570851892e-01
5.489437668186940567e-01
6.148126962417164165e-01
1.291432723049409648e-01
1.136382243860887264e+00
3.429018212017143075e-01
8.665477237935146348e-01
1.116543628368077412e+00
4.025746146326920905e-02
1.711928233778050146e+00
4.299002904423664118e-02
2.315739843547201193e+00
2.753537481879494986e-01
2.610542906542556163e-01
6.052979536586987619e-01
4.101345061133648273e-01
1.540553617401478892e+00
7.839675612650084391e-01
2.886443962899015170e-01
8.333447033236583978e-01
5.150406136344737318e-01
4.156259796966210729e-01
8.790488916575417422e-01
1.126893809393279211e+00
6.016434243100511337e-01
2.332597881527073369e+00
4.294611655777739179e-01
7.120868839938783168e-01
4.122659123085203325e-01
8.281962621128108326e-01
4.140710509140534956e-01
1.883406806362527830e-01
1.514095911496357028e-01
1.245951197428420004e-01
6.810229044410223143e-01
2.887869266333435991e-01
1.843644077147942983e+00
7.610158627124109509e-01
4.916892586109237739e-01
5.022241296006757505e-01
2.038517584894715462e+00
8.992967372205893373e-01
1.763970252249978721e+00
7.393525017359937612e-01
9.623863909955985285e-01
2.275369777576544017e+00
1.259297965196318092e+00
3.962854604044712126e-01
2.247297279390173319e+00
6.100273073002892232e+00
5.170901934626511709e-01
9.366609992850967181e-01
1.743104548365384421e+00
2.322239194023209830e-01
1.030103491472984967e+00
9.031616319323002573e-01
7.420321763867605558e-01
2.000851280876957961e-01
1.848351224100778234e+00
2.937661929291655594e-01
4.419660888658294429e-01
3.301797376795023720e+00
2.008473906930526631e+00
1.446376471609627234e+00
5.854021550573352828e-01
1.959179199164326146e+00
2.407005785708803636e+00
1.699302043179692578e+00
5.616808268004973570e-01
2.232009145852573706e+00
6.597700880796395495e-01
1.709213317695738477e+00
8.416305869684752583e-01
1.220287150904738604e+00
1.078652802371835140e+00
1.065747696212600237e+00
4.250851145089223210e-02
2.236247264403158574e+00
4.211538484329963028e-01
5.741352647832520528e-01
2.598389914173667048e+00
6.486513014660224563e-01
5.359175211938744798e-01
5.611566169502961721e-01
1.514968191303742717e-01
2.649299835300659822e+00
4.660417890638009486e-01
1.062013107801712958e-01
2.768328861067868463e+00
4.830327462319665144e-01
1.909335764694741533e+00
1.115665520884320527e-01
4.472867494296342006e-01
2.414975391079312028e-01
6.102658240970504355e-01
1.295652157263581961e+00
1.755712717853624150e-01
1.097806341871673474e+00
1.165814440877110725e+00
5.561939697248303727e-01
9.184683389945510479e-01
4.112879834729128992e-01
1.919795937767668104e+00
6.721782918707770449e-01
8.059602827001733916e-01
4.057707899592235545e-01
2.004589765888271924e-01
6.787910440972326487e-02
2.866734884009964346e-01
8.120749574825939510e-01
4.085742335042935602e-01
3.505675586223928053e-01
4.106913028589360137e-01
8.312770635960728405e-02
3.289704621437666843e-01
1.533500311635474844e+00
5.149731801249752827e-01
3.625340001533080558e-01
9.754306744748603153e-01
1.051898690520258084e+00
1.025598253809420601e+00
1.410847395557484063e+00
1.675097402043634442e+00
5.406349300603460195e-01
2.015048662931353096e+00
2.594254544445244171e-01
2.968189940286601325e-01
1.147106598963981261e+00
6.278461936701327240e-01
4.534809238653081942e-01
2.014895842720420216e+00
2.181305195953750609e+00
1.200965217242150329e+00
7.226625677873386167e-01
4.842630192508190490e-01
2.253205922997175925e+00
2.031296598963379552e+00
5.989748575037207035e-02
1.836069062141897912e-01
1.031838404999118608e-01
1.410407489486371624e-01
8.847538698240121624e-01
2.731943123006350116e-01
1.196359401252855975e-01
1.896469147260348542e+00
6.389443178161741121e-01
3.269294130798144349e-01
9.057242792400862497e-01
1.185131106848968524e-01
1.248514142353185807e+00
1.878901775545780195e+00
2.646687164399798231e+00
1.265377313332016196e-01
4.605165919498415139e-01
1.194084605797861437e-01
1.319614997344110252e+00
8.503847349554167767e-01
5.570133493968573157e-01
5.125520022463041503e-01
1.611472858477901171e-02
9.656093718365801881e-02
1.154531307107640181e-01
5.145718541462412227e-02
6.502722609220076277e-01
8.428778592788471746e-01
1.760961136940493166e+00
3.428208750587045661e-01
7.277051214199700135e-01
3.619772931770654623e+00
4.060593622607249209e-01
1.022520832790029921e+00
2.493431857651464689e+00
2.213255528060898703e-01
2.355693525012822476e-01
8.708673645006366204e-01
3.905446943370247115e-02
1.112122265893962791e-01
2.362063911790297510e+00
2.613570457410256509e+00
1.474493820986649384e+00
1.404130777431921384e+00
1.506288615095392913e+00
1.606479244690504071e+00
1.565335966380362320e+00
5.139463012542582199e-01
2.271502758910687314e-01
2.697054662628776800e+00
1.299746903475351933e+00
1.102822049331070975e+00
7.710350566218815427e-01
1.199997814812002295e+00
9.167180298881464351e-01
5.212168508029111358e-01
2.385299858181576749e+00
5.125639223985468673e-01
1.816185968074500723e+00
1.719622744673678927e+00
2.286447614415964558e-01
9.810619580990477540e-02
6.944430731440458526e-01
8.175431522932814499e-01
1.398407370358902613e+00
8.504106061170965125e-01
9.747643943158992852e-02
7.562469800973689038e-01
3.435787194330999772e-01
1.224001198461212692e+00
1.565236255700169998e+00
4.715611969733773945e-01
1.864650228592227288e+00
1.612763885157169730e+00
2.178798972414214496e+00
6.055972358781802622e-02
3.467048912112230541e-01
8.782209648995275009e-01
3.523884178733512063e-02
8.617674667403880662e-01
1.610295961849660618e+00
1.235175075598452521e+00
2.725465094569479163e+00
8.366972090587758426e-02
4.196004940486756651e-01
1.235300025274945479e-01
1.420630135931131743e+00
8.290508334426317516e-01
1.074188030399892302e+00
6.610053718871259365e-01
7.019193980106469555e-01
3.027255286521274513e+00
1.676654495384416466e+00
7.468813461178830382e-01
3.132331973296936800e-01
1.033720779025691039e+00
9.845537847809904264e-01
5.145258948520723408e-01
1.519448635872456377e+00
5.124880755066891780e-01
7.622127694123588260e-01
1.937265812892318695e-01
9.352871181082706986e-01
2.972265447383621306e-01
2.122723124949509543e+00
4.365083956080625938e-01
2.101861795205916539e-01
4.958285253037545970e-01
1.368734797119622648e+00
3.369815339089632822e+00
3.907076976358751508e-01
9.160655697829157840e-02
2.043786110427290748e+00
4.593320904589115461e-01
1.153527190402141134e+00
2.803955350937466506e-01
2.834787241386568901e+00
1.414192409516777049e+00
8.589883546218224364e-02
4.769080089943020795e-01
1.149865214362890020e+00
4.426317243391412748e-01
7.347571680995823584e-01
4.384720134084071907e-01
2.255254046952699820e+00
5.668278593701696622e-01
9.024228831285979746e-01
2.023088322686180884e+00
4.140917291870304107e-01
2.111776058112164733e-01
5.432459431169233133e-01
3.343616305218576112e+00
2.549706984520814235e-01
3.348487959787626589e-01
8.576923021814757409e-01
3.973390616392411534e-01
8.353315519717614546e-01
3.845035913656260629e+00
4.070102632045937696e-01
4.326180500177257970e-01
5.638509622525205156e-01
1.145274374039823850e-01
7.524992018294935914e-01
3.817269309452188675e-01
1.010860335548227296e+00
2.277972259534664645e-01
1.596625737715014759e-01
5.679612487718256331e-01
1.659883875637710116e+00
2.932499937159071646e+00
9.067356813594441567e-01
8.547566776403741073e-01
4.577420038074489494e-02
3.608878023784545697e+00
7.288103453362284601e-01
8.032252013112657352e-01
4.424338592945861737e-02
3.369808232917081980e-01
1.989275559002545435e-01
7.398595031451561388e-01
2.919866767030252053e+00
