8.644344684290251601e-01
7.396208868432940786e-01
6.364871490561261336e-01
2.658245260449269676e+00
1.934159371055069743e+00
6.711836075076583752e-01
9.140172828349830692e-01
3.684348689555467793e-01
2.316628111784158339e-01
7.506941593821923053e-01
4.305837189438074253e-01
1.055928761370788393e+00
1.134782331281447121e+00
6.549322718657951681e-01
6.866544190272636516e-01
4.749599634976948148e-01
6.715677477061203771e-01
6.316711718277081555e-01
6.589738049893301142e-01
1.045834605005561357e+00
1.271768581917439578e+00
9.541435233546115002e-01
7.170840477620188391e-01
1.604248621652930029e-01
9.536262623849646181e-01
3.956550876045359932e-01
1.117194543266312179e+00
1.340274696056894754e+00
2.875435817692908458e-01
2.786652422666426432e+00
7.732803807402655050e-01
1.686580925667501063e+00
4.204029480524883455e-01
5.570346047649663568e-01
1.450972357802976065e+00
6.119560188984731752e-01
1.315472373218861346e+00
5.877592593401401722e-01
1.582497873655078102e+00
4.292750403876702259e-01
2.184938123865200588e+00
1.236849662876320810e+00
5.043671802142800642e-01
1.935628004361155785e+00
9.046447568671575068e-01
5.683019536550780737e-01
2.708239055006378848e+00
5.874706324821099557e-01
1.125378419314396528e+00
7.785401419061164230e-01
3.149927945976992993e-01
7.312575520698051390e-01
7.445949226687020861e-02
1.242198212520993383e+00
8.203465120975346192e-01
1.709245655196207414e+00
5.470432464679596540e-01
2.136466981584727254e+00
4.994857216932203636e-01
1.969153943366691140e+00
1.863289792876158701e+00
3.652285839210878682e-01
6.362030616371001646e-01
2.027825861980331879e-01
1.926279389292884892e+00
7.206283023814810118e-01
1.449143522328743661e+00
4.497798623741970925e-01
1.248302002533883570e+00
8.635273123530178285e-01
3.559013900847076695e-01
2.195847592135470538e+00
1.675091820876544402e+00
1.071367835681594993e+00
1.989221657382624464e+00
1.349139402436310142e+00
9.267327635007555076e-01
5.937431540680797593e-01
1.014737664834112874e+00
1.105291898547904772e+00
1.628338858186237470e+00
4.056190930537915129e-01
9.398778748611162914e-01
1.645909647708796886e+00
1.141899240532563420e+00
7.197115621334665425e-01
1.546895647123887940e+00
1.681539549493609176e+00
3.784699700053770322e+00
5.083361517346676184e-01
3.994392173771654786e-01
2.772262013934201796e+00
1.154635913433514016e+00
1.056602954433075059e+00
1.186857211631499709e+00
1.301617315632601635e+00
8.765000829718180286e-01
9.755586793227631892e-01
1.370780960088211931e+00
6.283538032878140944e-01
3.457775885626062640e-01
1.230164149728337097e+00
2.255684686684208407e-01
1.555914065060948426e+00
3.919168111335898930e-01
3.485638253925987251e-01
3.571797801061191158e-01
1.286228170093113521e+00
5.675840921613796164e-01
8.315958853012215268e-01
1.359179922850335842e+00
6.650305108341907356e-01
6.303910043143181596e-01
3.312366502028858406e-01
1.154907158540399381e+00
7.892834971550470868e-01
1.957143185634888649e+00
1.452627454920217831e+00
5.462212711599991888e-01
1.495484653937644071e+00
7.675345917112730287e-01
2.320917351037511622e+00
8.501714407066378598e-01
4.141922103413645528e-01
4.843955474989667387e-01
1.162561420191243755e+00
7.303879178918595283e-01
1.507398292345502488e+00
9.974756688061702237e-01
1.083566821036199723e+00
3.935306972083022492e-01
9.076639027275248406e-01
4.159509311324874337e-01
7.672854503513759639e-01
7.557133556228217142e-01
1.433866413436116094e+00
1.327664795083229321e-01
8.767166711201332951e-01
9.791679941401940646e-01
1.921536004380665630e-01
3.922869303276590447e-01
1.253596117265850296e+00
1.108943179077266361e+00
3.647669485711384496e-01
8.580016528000352638e-01
2.550041370109878969e+00
2.046335058672319462e+00
9.241741440767889948e-01
1.640369603023139167e+00
2.115211198429742367e+00
1.020622559477842417e+00
1.193965250491010543e+00
1.254186720864424176e+00
7.124117767158939518e-01
7.093415412464105785e-01
1.465935171780934576e+00
1.190720552275934763e+00
2.156872066955339562e-01
1.834359499947452843e+00
1.107260690082594756e+00
7.990460960873178031e-01
6.307373814937756729e-01
1.222695347476693062e+00
5.520919221496501939e-01
1.108592208556056224e+00
4.284340097779159584e-01
2.009017361047432004e+00
8.120067489409449335e-01
1.495215541929449499e+00
3.753689794794469403e+00
7.697736984512000280e-01
5.682649024955317429e-01
6.263959420539365608e-01
1.378544716352369193e+00
8.529175266935242750e-01
9.155705223164898321e-01
4.392191064999067529e-01
1.170142610052211873e+00
2.694221563055704816e-01
6.808108308413204357e-01
1.538253507622308058e+00
5.147067904200359756e-01
1.796671207342519228e-01
1.367527439198602091e+00
8.285914434208934143e-01
5.291887366199613529e-01
5.136274433501635261e-01
1.439069696280219857e+00
2.091308839150965770e+00
1.007840201092166321e+00
1.578862569485951495e+00
7.437851780374817867e-01
1.482842090067899576e+00
2.286900812251589366e-01
6.100780773811032009e-01
1.302083822533132373e+00
1.208450495246818690e+00
3.462245397693758386e-01
1.742562995832934725e+00
4.559855123599216298e-01
1.180278994231429568e+00
7.791901562911034418e-01
2.737223917840116538e+00
8.064667164088926699e-01
3.334792157993655692e-01
1.041711479698838261e+00
3.691254598692398359e-01
2.462480135134152981e+00
1.611291475184887911e+00
1.596875396053393015e+00
1.800676255218766730e+00
6.670633693307010947e-01
1.894429711516678827e+00
8.730893955255674133e-01
8.251701220134306514e-01
9.886493226416067648e-01
1.158246261799859456e+00
1.544403275821181420e+00
7.194721531661287806e-01
3.948739813124775289e-01
5.143065964417387059e-01
1.355398673355783679e+00
2.330991230097799183e-01
4.363885541798765422e-01
1.136601851607627278e+00
1.071020061140373070e+00
1.130317586335761293e+00
4.442771040051557430e-01
5.832170492042303422e-01
1.057130355507317931e+00
4.281314047703103087e-01
9.663605535880936959e-01
1.165645395759668856e+00
1.664862621392552366e+00
7.510275523340741444e-01
1.084878517462837255e+00
2.695221495262273503e+00
1.187467271305297389e+00
1.109535750880591642e+00
1.511170459237091368e+00
4.851593194776481766e-01
3.310164814929379418e-01
9.961193723274727185e-01
3.379634183495755506e-01
1.539006289820795126e-01
7.234070893559518822e-01
1.353190913184165733e+00
4.927727805434427566e-01
1.278918143302605115e+00
1.136602171678881223e+00
7.004041416070463377e-01
1.161071943580362253e+00
7.697730864537143392e-01
1.619025977898265856e+00
1.769536854873223541e+00
8.987502451333170272e-01
1.400700465191386135e+00
8.895640213222110182e-01
5.524951088689644685e-01
4.890370078403613041e-01
1.025923114966293070e+00
8.178227444368867394e-01
9.205061636178130113e-01
9.511770520712321542e-01
5.553987515279603659e-01
5.954564428418428479e-01
1.071014925054758926e+00
3.684263218464438605e-01
6.683059462110815252e-01
1.226318566937364851e+00
1.600449508854065173e-01
1.102666184606620359e+00
1.606448803142634107e-01
1.141699102983279701e+00
1.943549038496633186e+00
7.354478283861820564e-01
1.432995442726702873e+00
1.048906586127910767e+00
5.593634775251599134e-01
3.393528207275801623e-01
1.107074362555293678e+00
1.125453737010841726e+00
7.121846323838292303e-01
2.337982957804582984e-01
1.309407262080747536e+00
6.290714274341685508e-01
1.744148241968396462e+00
1.211649008735399935e+00
2.212401171754002860e+00
1.188843588579508559e+00
1.125538090256928525e+00
1.413671608014901659e+00
8.424167607784526224e-01
1.558540645899596733e+00
1.207900925822076532e+00
1.334515480069679461e+00
1.965254374323872066e-01
1.134013767212694201e+00
7.093456367633634851e-01
7.483979108075683451e-01
1.245384017573742952e+00
8.778269676875134486e-01
8.685435815092316103e-01
8.822719251209512059e-01
8.005183357902836416e-01
1.528841098172224910e+00
1.477999549831105153e+00
1.007966305200320933e+00
1.057539388375062339e+00
1.006747138593843571e+00
9.749384224213042405e-01
7.397017249251267579e-01
2.287443281620466173e+00
1.046086155589553535e+00
5.314565023554453926e-01
8.581817812572134496e-01
5.772449151484919661e-01
6.108683325526014229e-01
8.563286129766680688e-01
4.288005268459736952e-01
7.290876684671099284e-01
1.780829866697437591e-01
1.415909602816231683e+00
4.071782758676119607e-01
3.610776015160819696e+00
9.379607829901392968e-01
5.011536635072439960e-01
4.136828127347852435e-01
1.402339101644495933e+00
1.221446800238439323e+00
5.487121860562025333e-01
7.702609875256852812e-01
4.437180549396432250e-01
7.638257174957647777e-01
1.660262528582348907e+00
1.670251643341239545e+00
6.898641674275423075e-01
1.438723409378529716e+00
7.679321622297424765e-01
1.779721965957723473e+00
1.567356348209155037e+00
8.950556441680597164e-01
5.237656502548954096e-01
1.215964991506826909e+00
9.187234158012268503e-01
7.057247794828058751e-01
1.237124737482775405e+00
4.638554582498136125e-01
9.123448601596225727e-01
5.223600583719139046e-01
4.438676005605055597e-01
9.891608633937121198e-01
1.064780753920931300e+00
9.082756345647744478e-01
1.974277283751611822e+00
7.680154349834413807e-01
1.724722034706416718e+00
8.041179365719749450e-01
1.910115847845421211e+00
1.194622929885896134e+00
6.853233235018225677e-01
1.194326455529932884e+00
1.048212705517252097e+00
5.513149686110609959e-01
2.336476478784969280e-01
3.465229684603433613e-01
1.447610449519687759e+00
1.026655352076123684e+00
1.581612940962672242e+00
2.141323649216651859e+00
1.385479169393454502e+00
2.096943977771775991e+00
1.097391281202379165e+00
1.222924841433110421e+00
6.618710760626462797e-01
7.055624157510829164e-01
9.833494948455321349e-01
1.160580036995703335e+00
6.190621013238581938e-01
5.991659365988188934e-01
9.266359799020138510e-01
1.419937811978210451e+00
1.901418254265440755e+00
9.202904601831101150e-01
1.337625733259370842e+00
8.774897134912517105e-01
1.216404582633172637e-01
4.295931479054559410e-01
1.242228552902678418e+00
1.928997063570147663e+00
1.311402489832599549e+00
7.532488931960680256e-01
3.562298163879025759e-01
1.657149343479850767e+00
5.426017781246657012e-01
1.169144024908943313e+00
7.739958888710869456e-01
1.046011857947156232e+00
6.652330829682183699e-01
3.024893995378901135e+00
1.415059241259855327e-01
2.027992563959562844e+00
2.202062441375898239e-01
4.222329910054006263e-01
6.272686565486814692e-01
9.197345921736687080e-01
5.018589547078857738e-01
8.925771286277037753e-01
5.771468154866803424e-01
1.234142963841656560e+00
7.888931338131821569e-01
1.456869650175594222e+00
1.771973913199013317e+00
4.893346566944838383e-01
1.661564370303832305e+00
8.468470282112259273e-01
1.056374791118572354e+00
1.205879003083321077e+00
9.651276350653845704e-01
1.127305471494627120e+00
1.320829292329718907e+00
9.420188654268749628e-01
1.421566715919726276e+00
1.922335594786142243e+00
4.707583291364563216e-01
3.471207837955272990e-01
4.008553999000459278e-01
2.863406251107482037e-01
1.257985613870319597e+00
9.642119842734468982e-01
1.445596115007273585e+00
9.279804195549669066e-01
6.338992434905581508e-01
8.333768156074541356e-01
6.156563003913118060e-01
1.257147978067095995e+00
2.292587227805979455e-01
2.157333738384664912e+00
6.860082147105228678e-01
4.111125492229665279e-01
7.272469382727433374e-01
8.566199065326876028e-01
3.881146701930948684e-01
3.467241534847087525e-01
1.504827492666725108e+00
2.028711367466544679e-01
8.780713030382496509e-01
3.821560432013537123e-01
7.142589210974935598e-01
9.539030576506096759e-01
1.281664075725066132e+00
1.046721543242081331e+00
1.741455240488533285e+00
9.672223967247103316e-01
1.371547283976356280e+00
4.462295603590430426e-01
5.532709694267885503e-01
6.669877555515992817e-01
1.061928261720421318e+00
6.070455028772139272e-01
4.814450421037096417e-01
2.092860781672841064e+00
1.730942520534972218e+00
9.680489529202487287e-01
9.441396106241869424e-01
1.048992328105209815e+00
6.416619141336414867e-01
1.291969573662256732e+00
1.289549642154552922e+00
5.097487341798297988e-01
1.129551561290200290e+00
5.307466247133438841e-01
4.533238550343436923e-01
8.573091534987185014e-01
8.062541411575103734e-01
6.284772295141632936e-01
4.354013791647215470e-01
1.411457433574463183e+00
2.062001601888598934e+00
3.783285979463890669e-01
1.847939928592603198e-01
1.194322857885314892e+00
6.432401068963344848e-01
7.526384438435762547e-01
6.026019525318135894e-01
1.217865095882050719e+00
1.596905739556635062e+00
1.434911230534884563e+00
3.736608414873375250e-01
6.197321471573019602e-01
8.058061985039894903e-01
3.665337559193996286e-01
1.217467798688747882e+00
5.225464017174649145e-01
2.223102480035989537e+00
9.770251213464242745e-01
2.317766680605499174e-01
8.167341494628608256e-01
8.267268172288038119e-01
5.416250458533059531e-01
9.208463765028125358e-01
8.330369604272556128e-01
9.637142379852358109e-01
1.261147447253747389e+00
1.881632258913040534e+00
1.893436975309242376e+00
5.511524738568615023e-01
1.336477347486010325e+00
1.805802646051501537e+00
1.530455978855440824e+00
1.760032801578149897e+00
3.393274399598177560e+00
1.728707489219643900e+00
2.087146329784432819e+00
1.465543439704341810e-01
5.219822536812757097e-01
1.726873976551704937e-01
8.822808015319171249e-01
1.404373218660748490e+00
8.258124510800582962e-01
7.880117399549155799e-01
4.632100932599512166e-01
5.559522293256112802e-01
6.717375492753271393e-01
5.150018745232125550e-01
1.679243299581703708e+00
5.067081902949083227e-01
7.736446868977669977e-01
2.060758881408820020e+00
9.204596989883853109e-01
1.125670421303868629e+00
8.305158025804579847e-01
6.040806418758646323e-01
5.579676661899386492e-01
1.541229143208392438e+00
2.238643375828163862e+00
7.274418862730085422e-01
1.193372910286779387e+00
2.465830839877024783e+00
3.486870812391902330e-01
2.415782164389202735e-01
2.797853563056399206e+00
2.337830580803079705e+00
6.429935482259239166e-01
1.504756354996906076e+00
8.946370024220092754e-01
1.021100852281372706e+00
5.046527624574224102e-01
1.904181615493217017e-01
1.231592159797729291e+00
1.323096217698886967e+00
9.818385691240010260e-01
1.172412871205062324e+00
7.162774219669760800e-01
3.233482561612708861e-01
6.534783938344599363e-01
2.543473790167616877e-01
5.219648182752113508e-01
1.411689400826841245e+00
1.345407399798987713e+00
1.540201709456375578e+00
1.203183302330952387e+00
9.481949497290644846e-01
1.355431713811975136e+00
1.353354577243824464e+00
2.360874165729333729e+00
7.259974703995522027e-01
2.771018737681055222e-01
7.111575608057691955e-01
7.233310592341649636e-01
7.541079638952092878e-01
9.865280469228283611e-01
1.741048944193203329e+00
1.251971464244108434e+00
1.108043070273890818e+00
6.803096990833621405e-01
1.164604151356464667e+00
6.765179630563330493e-01
1.083064858177854806e+00
5.959635823833487889e-01
3.940555255624927922e-01
1.099951963144932598e+00
7.442931428879324685e-01
6.349947438266126953e-01
1.897854433746426484e+00
1.664870602554372470e-01
7.542806361292178075e-01
8.777255331860926713e-02
1.421428996553016688e+00
4.603277240284224803e-01
2.857306791238803712e+00
1.185600940699057526e+00
7.677127767464075880e-01
4.351292534870732642e-01
2.013956191455087641e+00
1.458305038449400959e+00
4.538876184074969178e-01
1.427364595217429200e+00
7.183328969375069040e-01
2.213564372066426422e+00
7.831861170152414342e-01
5.529533691103625248e-01
1.253790694353907664e+00
5.508092382027544032e-01
1.264187577980896204e+00
1.529541432620056263e+00
1.714558308785937069e+00
1.499385362056069093e+00
6.354547099576050018e-01
2.341218691720010181e+00
1.349692104095058687e+00
9.761571723663986511e-01
7.198252710276225041e-01
1.143624844259359730e+00
1.103124726445528170e+00
1.776610145850869849e+00
1.134127645631302972e+00
5.261518459949872106e-01
8.983475200536867877e-01
1.386325136768170818e+00
5.775066322062887281e-01
3.579173746284829982e-01
4.302391196058454326e-01
1.620890968687963563e-01
1.230594403924831326e+00
6.877135633972133455e-01
7.378608302462518198e-01
1.623304375195698146e+00
1.380909889000149215e-01
1.151810278092792572e+00
7.088283107990033249e-01
2.967567673436512510e-01
1.168818492313890456e+00
1.173839681634758048e+00
1.018988799087749753e+00
4.467092635108605991e-01
1.776849502661242308e+00
2.117137222547913922e+00
5.944379290141210692e-01
2.076564561925370533e+00
2.524253722960499435e-01
1.110526231138611930e+00
1.284260422517719435e+00
1.549857283883730563e+00
1.273503090194038512e+00
1.051960589932208867e+00
1.904245021021036877e+00
4.089648811053928634e-01
2.669578446613481981e-01
9.209588140251421251e-01
7.603387629259660274e-01
6.236893081664366401e-01
1.164070322540392999e+00
1.985768592814894373e-01
5.399690221154822556e-01
6.657346718242475037e-01
7.550977619391658902e-01
1.293459156248017328e+00
1.185301146812203221e+00
3.727632143576496970e-01
4.031687698655742613e-01
8.214865945648468504e-01
1.528205801803112829e+00
3.971971250029613376e-01
1.173335602028716229e+00
7.579848219317271152e-01
1.884173211615788324e+00
4.087324379803853880e-01
6.386761981574711200e-01
1.311355444167994433e+00
1.004992066230795844e+00
8.579633944311511051e-01
2.852256343140320283e-01
1.873130750141054790e+00
2.576656129742369017e-01
5.548789047668373220e-01
4.624701044914862336e-01
3.578336385363796168e-01
1.440029719395077734e+00
5.578130433932948495e-01
7.608288868808373850e-01
7.506952760904673783e-01
2.413839798416482774e-01
3.923297732560285800e-01
6.802995070040103176e-01
1.159906311189534245e+00
8.577341286644732943e-01
6.118174148756159170e-01
7.999304820355530588e-01
1.871084868351455821e-01
3.960298802427298370e-01
1.016973492018592884e+00
1.153860434204362129e+00
9.677331843308221160e-01
6.143730718128855850e-01
3.482982619209596953e-01
8.414800669362642038e-01
1.411484385598016367e+00
3.811690478909989244e-01
1.656973186760561934e+00
1.154557417346653070e+00
5.948103064010357155e-01
1.147780055090684259e+00
8.214316447016777323e-01
6.952743392681585144e-01
3.454944464732716547e-01
2.738325642329993426e-01
1.189320239176057115e+00
1.322622852024592843e+00
1.217425231001294295e+00
1.497479376656150052e+00
1.452425699512208901e+00
5.306735403435588472e-01
7.686967942776354867e-01
6.799651883864585855e-01
1.675502315269782549e+00
9.630811857121741593e-01
1.098218191154344270e+00
8.009088960106176547e-01
2.095447731431678284e-01
8.521104922262210390e-01
4.086113907925217892e-01
6.292120525455600077e-01
7.095878107088748887e-01
1.586895893035461746e+00
4.732702003337390106e-01
4.960780230154045456e-01
5.419312771183739663e-01
2.196898290954047539e+00
5.684362879955238146e-01
5.024880652037331252e-01
5.509716301899402202e-01
7.504443218201666266e-01
5.399533933160859389e-01
3.987861659203066900e-01
2.266214921079459099e+00
3.949532981365702078e-01
1.735505096394438729e+00
1.537629355747252013e+00
1.020128258309481506e+00
1.333970595824902405e+00
4.854541317556484437e-01
1.324478536769745141e+00
1.127866862487295396e+00
1.399423372848829894e+00
1.460818619225809911e+00
2.629268754167699118e+00
1.558540673736759308e+00
2.751184781858346806e-01
7.182299057066638959e-01
3.575250107393099785e-01
1.742955172998502889e+00
4.594073508853389609e-01
3.445551115851656077e-01
1.821324241973115043e+00
1.626891646949266912e+00
4.951181796001712376e-01
4.754988715939272304e-01
2.220154867515839126e+00
1.301983758467235130e+00
1.141977043184081442e+00
9.996840379574827296e-01
6.724704700629728915e-01
6.832007419431451734e-01
1.366935668446690233e+00
4.865155745917752461e-01
5.532443097247068398e-01
7.797256376536063627e-01
1.877875143018056026e+00
6.713673115569720462e-01
1.618912791625038095e+00
6.080587666803320968e-01
6.546296623336164133e-01
6.327943006533977011e-01
1.422869901458656772e+00
7.390117509319689137e-01
5.696647867136779286e-01
7.839130259849514948e-01
1.691453646888467999e+00
7.749673032196665590e-01
1.805378864840111897e+00
1.565947836604123067e+00
1.124763663114451084e+00
1.258623782804733970e+00
9.928944802043278006e-01
8.752038254348970536e-01
4.732948086321152603e-01
5.532957965261446898e-01
4.988228494380161915e-01
6.594125423782755124e-01
3.910651984751328802e-01
8.115014289045110463e-01
6.810903541041608555e-01
5.259319311322929735e-01
6.699497227638754326e-01
1.366470754359249362e+00
5.807212298094071024e-01
5.084485602076086463e-01
1.178083602758356996e+00
1.243075150436410592e+00
1.432889089846465236e+00
1.237382456583513868e+00
2.042398716392460400e+00
1.595493435865256382e+00
2.022703485185137318e+00
4.833203254007374383e-01
1.405980524726567094e+00
4.043128783207299293e-01
5.551997526605905176e-01
1.465199178455004914e+00
4.878804638702224361e-01
1.185736572127848332e+00
8.253976892625294326e-01
1.164911996300791674e+00
6.893330734929142833e-01
4.037778526708308835e-01
6.037917437045760005e-01
2.956078815109490776e-01
7.795492119677185361e-01
2.202274684906112334e+00
4.735250683680654049e-01
1.209673604741430264e+00
1.368496424621241658e+00
5.088752405267231715e-01
1.816972788499930047e+00
8.174909696753980271e-01
1.231221670292823589e+00
1.830670419625598289e+00
7.998531219721701779e-01
3.601695452575279788e-01
1.243677513638305365e+00
1.838317274899700926e-01
1.169717307895566272e+00
6.126765696038254383e-01
1.333428879035744696e+00
9.798836413281950541e-01
8.767032471156581686e-01
9.485418676221342160e-01
4.876437098167351047e-01
5.929187154781988545e-01
6.562589318821480111e-01
1.911029006220310134e+00
8.006461281925645324e-01
1.302890117159119621e+00
5.371733240121396857e-01
2.044008981257643853e+00
1.453551606790770556e+00
6.232746797238251091e-01
6.688300782208780326e-01
4.868263058933263721e-01
9.596853879030983192e-01
5.133466414826933777e-01
7.518572092948633268e-01
1.351307157882690291e+00
1.451093274199493077e+00
1.020099158842102893e+00
6.632839885209469433e-01
6.319869462415450556e-01
3.288381192599253433e-01
1.665301239137700007e+00
1.284504483629403726e+00
6.081550217121223234e-01
1.611999634201362275e+00
8.022894915596977539e-01
4.420688130197131804e-01
7.275725391848404389e-01
3.827212598894222939e-01
3.668581539002175873e-01
1.186686439216592337e+00
5.568853495286700817e-01
1.111929209974424015e+00
3.083218741442733113e-01
3.604175635233609065e-01
8.495650995476684564e-01
5.995932103176224715e-01
9.101283608629564537e-01
1.445167473628727439e+00
8.222526732200604593e-01
2.124644932299541100e+00
7.900616946117638983e-01
7.094869127752230220e-01
9.187889115255468697e-01
2.404923715342819346e+00
1.432846412270652126e+00
1.035152213091534490e+00
1.476188136222289060e+00
3.736370517104000144e-01
1.813641460794362503e+00
5.689424863385865727e-01
3.814081313935151485e-01
1.948568224061464571e+00
6.447371621358737315e-01
2.892604881614585288e+00
6.513353809657653759e-01
5.034944888630964455e-01
2.052139137348341524e+00
2.637968143730876402e+00
7.752017774585043819e-01
1.553659609749257209e+00
9.499252788652635671e-01
1.001035571297193894e+00
8.348741748736434598e-01
1.723144929631523992e+00
1.909215454795500033e+00
1.229020099907653485e+00
1.059955230576681284e+00
1.177206618484547773e+00
8.564606760289878995e-01
6.817126587926767289e-01
9.131239174625698229e-01
1.384582588759455390e+00
8.719073001681982849e-01
1.091355851485378503e+00
1.053922427730204614e+00
3.524544195099328370e-01
6.727484171300529558e-01
9.697708260651796142e-01
1.531230062586151908e+00
2.366577130364613701e+00
5.590213877151151145e-01
1.400867095954060337e+00
3.669614970684477173e-01
1.637800849011363136e+00
6.259901407889785219e-01
7.985225191272214973e-01
4.317785238746452703e-01
9.352215661869314189e-01
6.464328343067561322e-01
1.421679404919386380e+00
9.581580707965907662e-01
1.036815066701473942e+00
6.231398683873762279e-01
3.923522068042353261e-01
8.759053695673356676e-01
3.006120120889467784e-01
4.443901215258443949e-01
1.109403918484087814e+00
1.564845012017917369e+00
7.572574466340497024e-01
7.190329132855100003e-01
6.925328032526939515e-01
6.327786989188279865e-01
1.565761195344326673e+00
1.899691686331004270e+00
1.227242196545959452e+00
4.848977758577118213e-01
1.220092207927212069e+00
4.541222294962253825e-01
1.231010232855155762e+00
7.967967878996888853e-01
6.252230841163425312e-01
2.115026687927267446e+00
1.825198604652281897e+00
1.118804868276159770e+00
1.073398066007161145e+00
8.382785065586946249e-01
8.266371799291906131e-01
1.153638773417150265e+00
2.324947954102498215e+00
8.147078533814724466e-01
1.154008255438871977e+00
1.215440275561839201e+00
3.713828835192500288e-01
6.130539550471152399e-01
1.013506714004142939e+00
1.461418533969158107e+00
6.282546976759193491e-01
1.798575408190358216e-01
4.796493235662754873e-01
8.147527552656431693e-01
1.960279930482465405e+00
7.584917084836824142e-01
1.071033533336825050e+00
5.585284493601598843e-01
8.033909680380593166e-01
7.463705154529762797e-01
4.286820367144207333e-01
4.318126671123128091e-01
7.947496189264048327e-01
6.432254104277812523e-01
1.360585762118030617e+00
2.183563787957026048e-01
1.231626175077231267e+00
1.715627932577193704e+00
7.538224440467791165e-01
1.013851664873266945e+00
2.785221049965724283e-01
9.855790226137993715e-01
4.169325181682149717e-01
4.509661798904711638e-01
1.008384872590990744e+00
2.788023014769277497e-01
6.589172025197784777e-01
6.006777039120831940e-01
1.955189287084635019e+00
1.208687224079537437e+00
2.601469291328029065e+00
7.822861958386546632e-01
7.217358828542738136e-01
1.678805624321964451e+00
