9.511793266729426932e-01
6.842784463324464994e-01
1.085774719566481306e+00
1.163857990262497477e+00
9.634394288402635675e-01
8.476472545732245401e-01
8.683158369977580504e-01
9.903363847672264075e-01
8.320002237390838884e-01
9.435273176897730485e-01
1.061671776662492350e+00
1.029094289485146252e+00
1.186672524641855908e+00
1.015625212555167467e+00
1.288407593112877780e+00
1.007423549997601864e+00
7.992502270680801324e-01
6.193316197452503058e-01
1.025432957150250957e+00
1.341653418937763353e+00
7.521977151591945354e-01
8.635189942515533179e-01
1.335255976210949491e+00
9.001097157381732217e-01
1.126803827365285393e+00
1.321680267313054546e+00
1.104202286265827615e+00
1.346178967762063916e+00
9.139780722037929017e-01
7.742983922972389577e-01
6.944603399762583340e-01
9.843000335190943417e-01
8.864481673664672545e-01
9.837457122508879159e-01
1.139200180904064830e+00
1.235075595405783488e+00
1.135855305175563101e+00
9.835952665552836205e-01
9.100112371602571137e-01
1.366110082176016149e+00
7.718058549568469484e-01
1.033983231744783904e+00
1.325348229753990026e+00
1.091015795531558030e+00
1.081205894576335647e+00
1.159036512224643989e+00
9.475877016904641348e-01
8.339340633577025930e-01
1.151290360175036609e+00
9.376469689273505548e-01
8.900225005989964577e-01
1.144925200759649986e+00
1.238464021259511494e+00
1.086584443217511131e+00
1.040861054922313178e+00
8.454239492914026322e-01
1.046049888222108093e+00
1.405625251805518117e+00
7.845147394590109569e-01
9.887753101552887447e-01
9.027258578874157724e-01
8.365895664183178315e-01
8.723087697022289255e-01
1.260133421533457865e+00
8.818574089475188504e-01
1.104004287212417390e+00
7.074442333018028384e-01
1.345121492037462563e+00
7.041389918464404651e-01
8.330243282500511270e-01
1.096666631312273266e+00
7.971736720110544905e-01
7.245396652537235971e-01
1.278079901204097979e+00
8.224767109318344982e-01
8.025781989764720903e-01
9.225760694284739216e-01
9.680284464466247796e-01
6.937796356886987148e-01
1.528905623805539404e+00
1.065456919088322518e+00
9.298989322127686474e-01
1.157739538115208244e+00
6.353404955783420460e-01
7.934824935097658516e-01
8.477397486810884786e-01
1.104973435956260630e+00
1.025932247203829029e+00
1.241168234810926752e+00
1.497406078254333472e+00
8.578582204536443490e-01
1.333720235131857779e+00
8.730506834466517097e-01
1.096181325910850823e+00
1.191846166530776241e+00
6.405385888960927199e-01
8.223923166490973991e-01
1.160431126789520206e+00
9.046940741766021921e-01
1.058914581339614802e+00
7.616809744615463673e-01
1.094215379719270187e+00
8.065176179761244235e-01
8.870346257887684605e-01
5.088618096348271891e-01
1.186561693085366187e+00
6.147527487698629667e-01
9.388281517698537915e-01
1.162194398098171044e+00
9.265265927231628451e-01
6.923312588492772646e-01
8.787185033263532619e-01
1.034372571983793732e+00
1.080026314473386151e+00
8.783135256983779504e-01
8.626162986202278171e-01
1.088024391146885428e+00
7.065410835216754393e-01
9.686598490084704638e-01
8.996830043635509755e-01
1.135089240775115638e+00
1.098449599419234257e+00
8.110756518388441139e-01
1.211147851829464051e+00
1.190876480626725575e+00
8.490660448710625197e-01
7.248861378759998697e-01
1.081799516768336744e+00
1.314441441455503456e+00
9.669622463321473349e-01
1.004327232231735145e+00
9.425584430632873989e-01
9.663692337727831649e-01
1.032197764814688279e+00
8.822256639505965392e-01
7.875557466823216446e-01
1.392796479760054718e+00
1.128336855768529823e+00
1.299073061086463809e+00
9.541320212330072215e-01
9.534892582935021732e-01
1.139413231921513114e+00
1.051553596031742366e+00
9.353605402836324689e-01
1.094425059044231707e+00
9.615363008044182092e-01
9.903447288704144702e-01
1.000210183182752344e+00
9.544254812674215493e-01
9.176699323014111398e-01
7.825316472996191042e-01
7.343442516310845214e-01
7.629757513537031022e-01
1.047138199454304974e+00
1.091132034553133012e+00
9.810342266215267282e-01
7.920902575518974364e-01
8.550287798256432925e-01
1.516529485269989319e+00
1.056395633335807549e+00
7.982078676882192747e-01
1.147184282131588517e+00
7.469267446270058119e-01
7.971167594499477538e-01
1.521124893505293230e+00
8.308937617846218204e-01
8.145533963368811747e-01
7.303903600603562918e-01
1.646895529397803593e+00
8.509498370575161452e-01
6.842403415927946764e-01
8.452809502129067232e-01
1.078076508142538081e+00
1.196949126936049490e+00
1.531404651750941426e+00
1.315407401979112212e+00
8.617331671521982761e-01
6.987749467538661996e-01
1.438268879167571068e+00
1.551720558872671463e+00
1.312127542371723798e+00
9.933895134764032520e-01
1.021523559786904567e+00
1.045199412493461377e+00
9.071958348624485913e-01
9.255758656714608845e-01
1.076713738234944540e+00
1.346948540233279035e+00
6.566330248573428729e-01
1.083097484229166296e+00
1.392454985783225796e+00
7.676481520959289595e-01
1.370385126014821875e+00
1.111021932416821123e+00
6.595588925236548494e-01
9.338888416128441339e-01
1.268529865866069528e+00
7.885136248346066301e-01
7.744297830862827414e-01
6.901147190327800995e-01
1.765117197220542611e+00
9.316493911189420718e-01
1.181095457124131887e+00
1.323950851704564835e+00
9.901807341203148205e-01
1.318871648122244444e+00
1.096293378892090553e+00
8.050127446384789387e-01
9.790155035842391662e-01
1.204865414028217341e+00
8.424263548944791458e-01
1.252541713208846330e+00
1.611261496061328291e+00
1.110811784198830088e+00
1.201197901656496869e+00
1.352776336506440247e+00
9.742597403194449557e-01
1.365117035412675595e+00
9.786026673485246352e-01
7.351660472441206018e-01
1.086110133898768204e+00
1.086639378504431042e+00
1.165632723189998554e+00
8.864352128585667456e-01
1.380999714290492175e+00
1.816562947252333249e+00
7.487374645541517992e-01
1.204095984290608712e+00
8.657434622926393208e-01
5.266391945662124430e-01
6.865366722963686108e-01
8.286046185500064443e-01
9.091912544417556363e-01
1.168335665703750026e+00
9.866327168310295992e-01
1.007187421019802187e+00
7.629173775840861760e-01
7.520811844599137874e-01
7.340317820297245222e-01
1.209860420887652444e+00
7.627073894272692334e-01
7.669110697531735799e-01
9.900116386691076853e-01
1.656496319858851374e+00
5.767512415315830809e-01
9.394122069835013633e-01
1.388314772569570810e+00
1.057768271265906002e+00
1.002108308511415968e+00
1.000285042836426497e+00
9.502391350463890163e-01
9.025064813812334608e-01
8.036093281614958839e-01
1.457214823558002470e+00
1.321758581506388808e+00
6.778241836599279146e-01
6.862669698123380346e-01
1.250173897891133867e+00
6.176439328037791610e-01
1.063226425151725607e+00
9.868055232329080440e-01
1.235635907050310456e+00
8.167606383386957214e-01
1.374805587569922105e+00
1.108147728473866334e+00
9.545442772173661217e-01
1.455011163085770498e+00
1.212052808789995773e+00
7.444599889074373644e-01
7.358787804052566717e-01
1.255113789179864714e+00
1.191822203465015217e+00
1.530526840723411830e+00
1.469762856116028527e+00
1.408198032395425070e+00
9.884987647900006502e-01
1.070291110405595658e+00
1.485156737954337558e+00
1.215598664492612446e+00
1.211436535322038877e+00
1.559299400689071691e+00
1.062189839653952861e+00
7.871681472966272075e-01
1.248438486842981199e+00
9.308038315068041246e-01
9.413737413884631922e-01
8.930767912908571526e-01
8.250543489651138707e-01
1.100271652845916659e+00
1.515876759902157200e+00
1.338517629722412838e+00
7.837423688114086850e-01
1.337755463697340996e+00
1.058150798428072914e+00
7.577282821557534964e-01
1.310764674072987468e+00
9.220532646392656240e-01
1.274048919094502796e+00
9.298307166694220749e-01
1.146734750158701743e+00
9.228486483067293022e-01
1.080747696064354724e+00
1.024958375940663746e+00
1.060092619256641555e+00
9.377631785688882449e-01
1.399782896372035346e+00
1.233738427544606164e+00
1.020543701788413804e+00
1.383467192784715749e+00
9.842310273492700379e-01
1.120354764715050022e+00
6.030769955622082845e-01
1.152333928143700836e+00
1.122106703891941004e+00
1.120353501723354128e+00
1.175477402430934237e+00
5.108039368924620627e-01
9.037294691149437842e-01
9.368589524265474866e-01
7.787565321710517852e-01
9.800545830453110119e-01
7.589310002915230502e-01
8.765581412837017972e-01
5.344554804672527748e-01
6.775602942110703353e-01
4.620299088765834061e-01
7.598963344665237152e-01
6.728446931316667268e-01
1.107546522891623919e+00
1.066169607791976226e+00
6.536954932409078101e-01
1.004953777470682041e+00
8.769431735199020306e-01
8.499889726383857980e-01
8.487118210006572294e-01
6.051680351371360178e-01
6.439658944282643516e-01
1.049366907842455676e+00
9.588429484236006273e-01
1.396681251497113863e+00
6.801084222706781368e-01
7.880034674366233061e-01
6.001308890267391671e-01
1.196864017886559495e+00
1.004294533466654427e+00
9.376072639427930344e-01
1.605098123763202489e+00
1.424289529161071988e+00
9.993085820025398025e-01
6.201212220058274216e-01
7.826479845932468038e-01
1.314585357295799062e+00
1.145061319160829427e+00
1.172189217372707315e+00
8.514650212560733733e-01
9.503760875963835897e-01
9.905715864001418680e-01
1.080488618778686849e+00
8.375385601321559959e-01
1.713824142553656227e+00
7.865819335283708025e-01
1.144191274449130269e+00
7.774560333772608800e-01
1.455493779539855925e+00
6.107640653924443219e-01
1.030577369275859079e+00
6.297474593046219482e-01
1.029532272185373909e+00
1.008477237754574318e+00
8.845175304274707218e-01
1.213491016872632944e+00
8.814336441044660075e-01
1.108120026883430587e+00
9.542858498123450994e-01
1.407451143172190555e+00
1.238806884455198043e+00
1.452575943390713054e+00
5.411024290851528251e-01
1.046115403348599537e+00
8.185462300536305857e-01
1.032393291359397614e+00
1.255674481426545697e+00
9.394435862107846091e-01
8.040692182160482648e-01
1.017600231608041250e+00
6.619486383914923167e-01
9.437400955118220303e-01
9.931408665944737590e-01
8.496308234660899794e-01
9.718571188698867935e-01
6.174916873166645948e-01
1.079758162913309283e+00
4.532274060213669631e-01
1.172123602522767039e+00
1.016206101172473897e+00
8.873340995496677985e-01
6.832895335931764569e-01
1.150816520933379605e+00
1.286176943676207163e+00
9.740750231608653609e-01
1.149822250510974753e+00
9.452856992059570640e-01
1.026671321969509165e+00
8.622967188193108035e-01
1.124224203333469951e+00
9.703420589318570988e-01
7.437283676263309884e-01
7.664566085032314957e-01
9.673768705924853384e-01
1.007470359591001507e+00
9.433582243011630064e-01
1.040256832252795638e+00
7.017807668033171353e-01
8.373689820230313385e-01
9.494186405071669554e-01
6.306113384939620037e-01
1.100515513770053078e+00
1.008315741640301466e+00
7.597776197593474334e-01
9.848526768207434001e-01
8.122851925742859969e-01
8.394161390715040305e-01
1.180782385437002535e+00
6.077158544925479466e-01
6.791707668420298161e-01
9.166724572080029443e-01
1.058387882396312651e+00
8.558389217220188083e-01
1.213100774327278364e+00
1.291410322570438529e+00
9.366852862842485195e-01
8.721650704102255069e-01
1.500705677322820231e+00
8.255283873617842438e-01
7.564274542257323208e-01
1.370327068395790659e+00
4.746646496313119412e-01
9.676656296400920620e-01
4.860785459000456221e-01
9.005200713348670005e-01
1.161394128320758279e+00
9.776023534476742105e-01
1.089623572130700602e+00
1.044714605725016288e+00
1.415362513490700636e+00
7.222790716312748049e-01
1.244919720839605670e+00
1.222056498591528539e+00
1.012233199884120527e+00
1.061735977029273359e+00
8.264060626335452131e-01
1.150964360063072567e+00
8.949560370015834376e-01
9.107136720391925122e-01
9.192810128786254031e-01
8.945448938362168256e-01
7.164132913469785091e-01
1.408067719933283168e+00
7.381509971950902527e-01
9.451727441091191118e-01
1.399732894570016040e+00
8.129565479006055639e-01
7.455773666489506901e-01
9.338580039523107779e-01
8.674289399749004481e-01
8.554301136620374724e-01
9.609691703497358350e-01
1.074651849064531373e+00
9.776332618485205073e-01
8.783785323672090861e-01
9.106550859571224121e-01
8.581263877848381849e-01
1.221941836461988284e+00
8.587351307066336537e-01
8.243981322769687869e-01
1.437105686631054313e+00
9.688258365778025238e-01
9.059966662868013110e-01
8.646293213076919892e-01
1.336590631686689123e+00
1.156481237903809856e+00
1.044430953161034736e+00
8.699447786092933121e-01
1.066653501349400068e+00
7.487143709522768864e-01
1.863107053365208099e+00
9.015036558573747971e-01
1.282549158567894754e+00
6.696582676411514390e-01
6.565139864555471494e-01
1.470295789013218224e+00
7.439312240166073842e-01
1.199582063694577316e+00
9.429677249563702679e-01
9.903297287984191843e-01
1.096469054879995797e+00
1.036180532824456657e+00
9.626464464658734954e-01
5.672897655716911958e-01
8.205962448560261135e-01
7.780731956062681975e-01
1.138281409115887932e+00
1.164258110572464311e+00
1.151677166262130569e+00
1.216540220162276587e+00
6.324242445541381485e-01
8.235052697369676933e-01
9.807797407960932023e-01
6.518603294701462714e-01
1.089064866044366475e+00
1.133101056720660083e+00
8.560550918106829554e-01
1.071849820325089242e+00
8.203008595762154576e-01
1.032759021725475845e+00
1.212396068156563533e+00
9.955218264517349258e-01
8.612329881837197387e-01
1.092577522736447815e+00
9.635864711999176935e-01
1.198531504756658039e+00
8.023694881471700180e-01
9.717719797824353467e-01
1.116115743086429690e+00
1.186413897921218430e+00
1.277455223798038775e+00
1.093723488813703515e+00
8.682365300873289282e-01
1.052181299800970082e+00
8.780846861306175200e-01
1.261698770614313014e+00
1.020087887065338705e+00
5.449705165364540083e-01
9.310517978936546646e-01
9.468366570660636805e-01
1.423397661648073909e+00
1.184822497849231215e+00
6.545398352023538147e-01
1.104120719475206291e+00
1.339395401865814517e+00
1.032334403523047950e+00
8.280744870418683679e-01
7.993014194311510723e-01
9.999731114683310107e-01
8.960269517659718019e-01
9.403191607519966189e-01
8.613012118619894908e-01
1.085478842623780249e+00
9.108251553807611423e-01
4.955287617579233750e-01
1.139329617083852053e+00
4.557249917119608473e-01
1.039280659630230419e+00
7.881608050702191282e-01
8.297342062400290263e-01
6.295095767996055081e-01
9.024080621289339854e-01
9.071056334737152005e-01
1.255115819548154210e+00
7.639679527501781475e-01
1.469207081313254282e+00
1.332475899814787201e+00
1.541480940901049479e+00
7.031903144517819282e-01
1.114949668720718767e+00
8.475141743171787923e-01
8.416369116231690040e-01
1.149140672825443410e+00
1.111622642841221920e+00
7.141703721098898727e-01
1.067476320799311651e+00
1.685380754928335945e+00
1.145045480665568105e+00
9.451428002478611257e-01
1.203978514222554530e+00
1.019948605083523141e+00
5.662060377392090782e-01
5.480407150098643987e-01
6.908552365864099043e-01
1.194278501896503641e+00
7.246352052652301756e-01
8.738584650479741534e-01
1.219640928730111096e+00
4.520082639526579182e-01
1.399185684554260289e+00
5.847813191495891960e-01
9.882089355695875543e-01
7.191438850156273155e-01
1.068194090940100649e+00
5.048911992114442082e-01
9.242413420172459482e-01
6.814745819236116553e-01
8.894200612305880327e-01
1.140283962183573196e+00
1.018464089633531522e+00
7.709770947274867670e-01
1.024026442444848861e+00
7.845821519712432579e-01
8.781286868760251885e-01
7.383987754896303990e-01
1.282169517301542827e+00
6.900017344202096226e-01
8.699925801483165966e-01
1.054106411699012869e+00
1.392166960063216719e+00
7.749361939903820495e-01
1.182811117946826585e+00
1.266818842279444191e+00
1.353429726956341783e+00
1.077267638422929386e+00
9.632424326192223774e-01
9.462063289799006460e-01
1.270893343165013123e+00
8.461783885164250174e-01
1.033824529781574464e+00
7.767596597845729534e-01
8.534167332446811471e-01
1.369477610462899619e+00
1.275288502100083265e+00
8.274681086808052255e-01
8.784511518122940510e-01
1.022314809747481235e+00
1.205133689690902621e+00
1.204304770331909413e+00
8.024888843855990661e-01
7.910263811266150524e-01
9.491059675812310026e-01
7.926806243503802252e-01
1.155500935976084609e+00
1.311795761779288583e+00
1.275005779909058834e+00
9.515581065658879067e-01
8.031438588678110335e-01
7.296641062690887303e-01
8.910416678582623318e-01
1.059754565641064961e+00
1.320251754136708033e+00
8.994914288600707186e-01
9.438756647950861112e-01
8.093815257543786057e-01
7.053364818918848034e-01
9.286355587964039149e-01
1.160611676261407821e+00
1.355947085421043807e+00
1.343320391180573559e+00
9.383544897845359500e-01
7.697869429215256076e-01
9.559951040564591551e-01
9.386777013583271767e-01
1.182613230594580678e+00
1.142500675270326171e+00
9.107414477507776995e-01
1.135380036557015249e+00
1.309275612681447098e+00
9.309322251304171791e-01
8.524678261631128962e-01
1.090028751655244044e+00
8.366888809608281630e-01
1.178998069054596698e+00
6.839742576321424794e-01
1.057547966184125388e+00
1.039126427306134248e+00
8.412145549764069585e-01
1.239694021588618522e+00
1.084122107351624287e+00
1.124950464719554510e+00
8.979220350192262945e-01
9.878508354612632880e-01
1.048719624865681821e+00
6.244505689612356303e-01
1.119633414932076132e+00
8.037434492804910180e-01
1.163748501168816230e+00
1.106823059143880572e+00
8.215487228274069853e-01
6.934820514184474316e-01
1.192703267209955786e+00
8.816167224015751813e-01
8.374944867039049168e-01
4.448215838240019981e-01
9.518673328091047381e-01
7.639333914274470949e-01
1.039202400146661764e+00
9.926292239478476942e-01
8.199735224531954358e-01
1.023742786060989118e+00
1.179008688469736166e+00
1.119657858535208828e+00
8.397893791133556052e-01
1.246082971359281366e+00
8.339709558033124859e-01
1.056927244591376880e+00
1.199688078096129207e+00
1.068916504505658338e+00
7.191390540174205093e-01
8.303086562304418106e-01
7.599238320940217006e-01
1.322226847302122588e+00
7.319486360309632733e-01
5.031384060947100556e-01
1.227593983097813979e+00
1.105197705820901266e+00
6.570826878399678161e-01
1.091116065797167023e+00
1.008277784094830487e+00
6.275672359826250934e-01
1.070848177660462364e+00
1.047569118030400759e+00
1.167277621043648184e+00
9.479391260687867193e-01
1.154607073676640505e+00
6.776973311732276128e-01
1.322225434935521804e+00
9.549121431730774878e-01
7.368360121853283484e-01
9.138984754235951469e-01
7.701673705164034933e-01
1.260115632466775049e+00
9.521041989067807743e-01
1.721345365187805676e+00
7.143586143274900380e-01
9.739094500554058564e-01
1.276554249923145257e+00
8.126090965971646263e-01
1.109385793009007415e+00
8.655396698163814184e-01
1.015025958622702618e+00
9.160993129457393191e-01
1.113953706034953584e+00
8.864617933109372183e-01
1.065144694788649815e+00
9.186167129551860988e-01
1.194828870617807848e+00
8.964262927941970549e-01
8.575554120762710619e-01
1.163660576434591531e+00
1.376933730632725839e+00
1.005715451580169173e+00
1.009955646243828387e+00
8.847711834236341444e-01
1.194481244486142346e+00
7.882884284044802126e-01
1.067560536668061832e+00
9.559322916410621929e-01
9.251161647766554808e-01
6.578520263004810076e-01
9.731732169479667682e-01
1.470815051173737231e+00
1.309761640531070803e+00
1.150972317580703175e+00
1.100908775002386264e+00
1.136265911456296962e+00
9.789848914118960410e-01
1.093274784677441769e+00
9.598590435379833474e-01
1.120819386564359643e+00
1.458769816374966499e+00
7.984403262609749419e-01
1.095041012782974610e+00
7.551088840063926444e-01
1.055278132562385673e+00
9.361379792175401615e-01
1.071278659615702900e+00
9.422767077795919377e-01
1.134492774483679245e+00
1.674931672067143440e+00
1.497350056116692141e+00
9.394299749320794701e-01
6.905040010050371713e-01
9.240022672725545227e-01
1.288962324763976319e+00
9.542680601412029118e-01
8.269981098403829112e-01
9.565055857769880765e-01
9.021467879532322209e-01
7.851563985366997178e-01
1.499981027165776082e+00
6.284604855843292093e-01
1.141186862918280420e+00
6.542447350484823509e-01
1.443572708088621370e+00
1.130607139633371450e+00
8.935633686048425339e-01
5.623461853687838907e-01
9.510456128116753227e-01
1.075773794038891840e+00
9.841218315885098544e-01
7.825501103314700391e-01
1.064846887835373179e+00
1.134190075495148609e+00
1.399344923925786910e+00
1.051092580888014716e+00
1.376414605427550120e+00
8.658897243432303048e-01
1.730854062619351597e+00
5.732359190494474843e-01
6.881124464171017863e-01
1.001306731036582409e+00
7.994099087842556628e-01
8.086181831699293943e-01
9.502890337881682026e-01
9.633207548797009245e-01
7.959440817198699669e-01
1.116794296561233857e+00
1.031911337576414400e+00
7.562406933062265635e-01
1.247638046763588138e+00
6.979248979935936958e-01
7.319545070066819648e-01
8.658162075030478855e-01
1.261739154041506161e+00
9.106456207996386221e-01
1.201021049538285146e+00
1.127945171289366888e+00
1.242894351473015746e+00
1.118564207559206380e+00
8.733695779009181814e-01
8.573323167305272330e-01
1.139962457829717390e+00
1.076174225292045428e+00
1.290981338226807607e+00
1.281669492672777189e+00
8.024131531000644468e-01
1.297484100672765983e+00
9.897649140634846576e-01
7.344317526543886476e-01
9.154976090278164058e-01
1.038416561471798394e+00
9.266004369063497448e-01
8.446221709948485978e-01
1.263220368631234214e+00
1.605701996574369517e+00
9.583115948751053104e-01
1.054013377370739857e+00
8.177858694169153342e-01
9.559943075738670526e-01
9.209460548188389550e-01
6.799889456508725338e-01
1.120287853907260045e+00
1.143779645032811709e+00
1.320816163622655193e+00
8.158655881869394388e-01
1.023853214752700413e+00
1.474963146352408883e+00
1.367283879654152878e+00
7.809478224333845642e-01
9.441772264583754293e-01
1.313722046577924907e+00
1.172131566329468910e+00
1.008304851801153257e+00
1.001266710130132909e+00
8.040544374796518845e-01
1.082633906862533912e+00
1.005962087201479838e+00
9.428998786794663411e-01
8.784706441233947061e-01
1.381776836094055660e+00
1.137328242063974093e+00
1.138750421902361643e+00
7.497931543001714605e-01
7.921486118159165590e-01
1.124314464583899609e+00
5.957275893724903737e-01
1.874742176840084262e+00
9.458707876831100592e-01
1.275155354336733549e+00
1.108530707634812984e+00
1.123172652098504365e+00
9.404546282177781436e-01
9.549602074752991943e-01
1.122670536832989230e+00
7.092925981675094471e-01
6.802899008452425456e-01
1.042492361229480524e+00
8.648357310112121388e-01
1.039300304246158824e+00
1.053305184522295601e+00
1.150350420867507939e+00
1.025006342696668682e+00
6.230831036766778519e-01
1.131229779970793548e+00
1.375321947023608438e+00
1.067899895261145815e+00
7.630341161493929825e-01
3.376380118967644561e-01
7.928072872098197443e-01
1.153131242277736224e+00
1.066665941962544384e+00
5.784087798275105996e-01
9.317047516270138274e-01
9.780792351589797651e-01
7.708416115333815988e-01
1.059826949314892630e+00
1.111576479674167173e+00
8.018174528066182027e-01
9.487542051972666091e-01
7.490393027082539179e-01
6.607251205689482765e-01
8.739443069652849116e-01
9.358436223721398051e-01
1.395359268251062046e+00
9.707199503121771711e-01
9.663355793361645407e-01
1.116714085764058062e+00
1.017178883495597708e+00
9.081123942245263869e-01
1.474843394730659618e+00
1.392574058093230871e+00
7.057939375655820635e-01
8.607855258497596473e-01
1.058805767978562073e+00
1.150034877554524826e+00
1.373924596323960357e+00
8.797105977617060146e-01
1.206022565243879408e+00
6.174728212604476685e-01
1.233370971761342583e+00
6.360818543332626973e-01
6.172896733719491769e-01
1.343844111971864930e+00
8.861876900037630733e-01
1.015099578714164785e+00
9.643608200715663159e-01
1.209242503131605861e+00
9.207874948591162623e-01
7.378903147199369350e-01
1.148137087968900572e+00
8.052007547882471528e-01
1.052668804368118272e+00
1.211339745598048800e+00
1.045994831046454854e+00
9.454257828490035820e-01
1.230027054730320923e+00
1.127065110942286008e+00
1.024912788891918503e+00
8.558057871005262385e-01
7.625434551736491873e-01
1.168089051990250260e+00
1.127476397225142701e+00
9.781581808210961793e-01
1.237699992426568363e+00
9.931127384385994850e-01
7.436959522118113952e-01
1.089196478153008130e+00
9.649576107633682787e-01
9.847755962208863956e-01
1.545046021600347874e+00
1.152744556729334624e+00
8.853111674970339795e-01
1.061836431932602132e+00
9.923732166112101405e-01
9.274383413859947911e-01
1.061680267354302654e+00
9.967341249345033072e-01
8.162293496980983498e-01
1.312373133664170188e+00
7.259609689920507591e-01
1.123659845778081978e+00
7.334328915294960893e-01
1.501279863660242686e+00
1.217284448044670953e+00
1.063252669252633176e+00
1.247424533499978949e+00
1.049333692176449784e+00
1.045925000840571162e+00
9.569645783694050722e-01
8.717721829275594247e-01
9.983621090483445482e-01
5.953307717473939054e-01
7.040364857209047145e-01
8.784865160987831434e-01
1.608664464482877365e+00
7.286968088101114516e-01
6.848024013885681827e-01
8.906345931085346557e-01
1.470119281280593215e+00
6.806792539150149368e-01
7.275584956939623593e-01
8.861617985656971008e-01
7.091689241331076143e-01
7.774734085846227716e-01
9.732603110073501096e-01
9.333441313657275806e-01
9.890043203977156860e-01
9.157229385664018562e-01
6.624867560028576685e-01
1.589083894914327777e+00
1.080299996125561268e+00
9.047646954441788125e-01
1.250883941722370718e+00
1.026286141543967245e+00
6.382242227133140267e-01
8.804087356538065068e-01
7.507766859258329095e-01
9.501734599042578333e-01
1.112106599523249972e+00
8.867978532995441920e-01
9.575090913130333004e-01
9.562791980215353815e-01
7.548695487306450458e-01
