1.311852646495250241e+00
1.174097416059503685e+00
7.019307908738181556e-01
8.974029822734821416e-01
1.355890668148575839e+00
7.229590482727210610e-01
9.126486222731400311e-01
1.026635460280554080e+00
9.080376894574141433e-01
7.131214778930214937e-01
8.088428049957933075e-01
8.359380025664482350e-01
5.536618540923510245e-01
1.248074353062703423e+00
5.149576582390729129e-01
1.095852844787170710e+00
1.598402300161418488e+00
1.461298265580821765e+00
9.948018467047817781e-01
9.569266049980982292e-01
1.395252958517574804e+00
9.757415537018615526e-01
1.285955721465436685e+00
1.172371371076883717e+00
1.076852351207632452e+00
8.365977730550249181e-01
1.272519488863326886e+00
1.140302221544687855e+00
9.170897420020140967e-01
1.390218423192298269e+00
9.946252638589666573e-01
5.185352936710504457e-01
5.826250294768243743e-01
1.042119581124793637e+00
6.930912663958084252e-01
5.344678984484479978e-01
9.293555698686527533e-01
8.231338790504751923e-01
1.296563571732017639e+00
7.842266485491155015e-01
1.232546121499668468e+00
5.730881913149548090e-01
7.624428989067446594e-01
9.160441520904869517e-01
1.758881472296673687e+00
9.843682468155192655e-01
1.163764758517600972e+00
7.850531382461101160e-01
8.117975289552498142e-01
7.476728043973079885e-01
7.230276789631886469e-01
1.564916338191879142e+00
1.177259400469632400e+00
1.311240819177882155e+00
1.691416791154430666e+00
1.106322403662001630e+00
1.631879094752926251e+00
4.915744935982355734e-01
8.169520032288878353e-01
1.451363689427634052e+00
9.843015655351069482e-01
6.772253444946395584e-01
8.490570758236340998e-01
1.628917229814623724e+00
8.569751357986560292e-01
9.208289366560123979e-01
4.837276473126960741e-01
8.672013734466672563e-01
8.590171432768816118e-01
1.304988508133195335e+00
1.250921809919003591e+00
1.358368178200288545e+00
8.904397556409294756e-01
9.605193923342931761e-01
5.641404479534611882e-01
1.241602916592631001e+00
1.533027416541434595e+00
1.248693974225130177e+00
1.361313042663624628e+00
9.808967413359965803e-01
3.514239777677702348e-01
1.794756906177538580e+00
9.129434972159975459e-01
9.197609641847770412e-01
7.794082445038245099e-01
9.814710606052323705e-01
7.035702793109217534e-01
1.512630343149046874e+00
1.107443350327043108e+00
8.206222358261279215e-01
6.116208590686841307e-01
9.077988335259881136e-01
1.597522875033080769e+00
5.415546977805898443e-01
9.419255659225103106e-01
9.502269466262771580e-01
8.832062750304379151e-01
9.984989472213194883e-01
7.030543185038684584e-01
7.268349202165753642e-01
6.690811745158925516e-01
9.672899486608746988e-01
1.126056898101245318e+00
8.932920063878673211e-01
3.045420565246819145e-01
1.310219513849050887e+00
1.092156183807142078e+00
9.909056243614311477e-01
1.050365848981656525e+00
8.732210837937657288e-01
7.233216113767921840e-01
1.994369367646478874e+00
1.075593090306127708e+00
1.218559076736894786e+00
5.859888222715685657e-01
1.099351202441230413e+00
1.041810006653960174e+00
1.314477299550077305e+00
9.338354052966890695e-01
1.323142824067067069e+00
1.626702738965087436e+00
1.185458787149854754e+00
9.224090099323453140e-01
9.380847490993828863e-01
4.246044023440889159e-01
9.450611149067451588e-01
6.010678504165541947e-01
9.753073747204616950e-01
1.557850506279470526e+00
1.393327336477595990e+00
7.804163158623216301e-01
9.577947191159412732e-01
6.583696360897587363e-01
7.822517999515123943e-01
7.505464518258525564e-01
6.781709639609947438e-01
8.906304845849726259e-01
1.202749740712747428e+00
8.176188129555771456e-01
8.886784309794046877e-01
7.596000537053441137e-01
9.820488305788832584e-01
6.437133244545754085e-01
3.673886832816635750e-01
5.866588929008635933e-01
1.349556618711193812e+00
8.310561722981060218e-01
1.093068570341737544e+00
6.811618158578315319e-01
9.294916778323715212e-01
9.477122903393326858e-01
1.211743698017414328e+00
1.020997100332142304e+00
7.387628275233779629e-01
1.164925940685839656e+00
1.258487521981752177e+00
1.299550775124699742e+00
1.018554575076620283e+00
1.969130420391132619e+00
1.112539843224195968e+00
1.725911272661250440e+00
1.356873753629973089e+00
1.251446561906187860e+00
1.425145406088699884e+00
1.056854352043670398e+00
8.176834160334919277e-01
1.271328219346506083e+00
9.464421119978766450e-01
1.478061069635429270e+00
9.204477911647983568e-01
6.003210898402518980e-01
1.200195789290732229e+00
5.067546943691090267e-01
8.206821479944284015e-01
1.059587715783718576e+00
8.064607369370322409e-01
1.105301854911253212e+00
1.198717602467221255e+00
9.362158089744765377e-01
9.013564471767187003e-01
9.324530601660319107e-01
1.521029099711279198e+00
5.127671945375638085e-01
1.094163361236426102e+00
1.338041614160801585e+00
6.420366286764027652e-01
6.331581480987669153e-01
6.945765399387930916e-01
9.345609236674717879e-01
1.021494255240106508e+00
5.805381936611250238e-01
1.147640823228009310e+00
9.808035210465131382e-01
1.558082250896268839e+00
8.547288322044133135e-01
8.767592765777612041e-01
4.304674978744857938e-01
7.539883780167531135e-01
1.159480010501348080e+00
1.343060113120783772e+00
7.422180671303886257e-01
8.899664259149797640e-01
1.213564015425509401e+00
7.088812283165332184e-01
7.368070760651029838e-01
8.039086119483969117e-01
6.410502644188339483e-01
8.257227966907989547e-01
7.253887761257551414e-01
1.304386914913344686e+00
1.175813546265166876e+00
7.790563910488024213e-01
7.346112624433023264e-01
7.121908597521349193e-01
1.554566523234780950e+00
8.405910689596932661e-01
7.870059966826330466e-01
7.715325621023829683e-01
7.585533921513228917e-01
1.161897842435490658e+00
1.442591048626914230e+00
9.040368725444414277e-01
5.704664617798982373e-01
8.489101510571576137e-01
6.599133727405512850e-01
1.418984608860160757e+00
9.868541549297702442e-01
1.154531643324198775e+00
4.427610629197413772e-01
6.970432140910414187e-01
1.055304574264072315e+00
1.331742574041889338e+00
1.301436634042363316e+00
9.929629238736432661e-01
1.563355730532840937e+00
8.375018628475394689e-01
9.125975384190886386e-01
1.309601162205731306e+00
1.362667173018620392e+00
9.432330532563355519e-01
1.887484517940322792e+00
1.054465696709471434e+00
8.977933011699890109e-01
1.027838781718688921e+00
1.045043808260895712e+00
1.135351328280631344e+00
9.875966458045363217e-01
1.161631029436648310e+00
4.259533716697325723e-01
6.762573932578712643e-01
1.292625539944092905e+00
9.969986124245466819e-01
9.011383608862401084e-01
5.879933500810923253e-01
7.301521945518264500e-01
1.037358798163029894e+00
7.867821169967088579e-01
1.085061920579959871e+00
6.601325018096383390e-01
7.085183647521183792e-01
6.822646595725690988e-01
1.818050040777479559e+00
5.655523936089501547e-01
7.927888055104226339e-01
1.332065899372206097e+00
1.354077796191069938e+00
3.854881362582872617e-01
1.036609958366758732e+00
4.414863698618435306e-01
1.073039490824301057e+00
9.151000577930419322e-01
9.841641810455243888e-01
9.282972261558825045e-01
8.227659725439013805e-01
5.484554208561789324e-01
1.367253524846746338e+00
9.880001379722116450e-01
9.481407160230093112e-01
9.386014556088970728e-01
8.698519105949309438e-01
8.115364972662684195e-01
1.089191219947671208e+00
1.338532816250795010e+00
9.103430123887965575e-01
1.144910954596545016e+00
1.139752624126744829e+00
8.777299680056042108e-01
8.633464261945255069e-01
7.542016024581517097e-01
1.140536138871468097e+00
2.358764229989941175e+00
1.127176229141109820e+00
1.293398322976087256e+00
1.845347438201327961e+00
1.206532441945448619e+00
1.405415378055823616e+00
1.854326222560063187e+00
1.504340916582389553e+00
9.126949878553329842e-01
7.878746758362146219e-01
3.970878478007823786e-01
1.091734888903738154e+00
1.021899128227620634e+00
6.870566393285681972e-01
1.203460054081159969e+00
9.438859486131595533e-01
1.384721340454295735e+00
5.966774017642839656e-01
9.487954609449609222e-01
9.064801827245847488e-01
8.322386877326386490e-01
1.412232810117201254e+00
1.461571811892666828e+00
6.116630977350734355e-01
1.359674428686440839e+00
4.622128401731472325e-01
5.731194332205840070e-01
1.159711685640746559e+00
1.237192670840334685e+00
1.230325357427799915e+00
1.191795867723355107e+00
6.940119013542371817e-01
1.410064707152958619e+00
9.522376438120059294e-01
7.289065704048206529e-01
1.088263178433807710e+00
8.275956836570004249e-01
1.058245655124556706e+00
6.494700361279083234e-01
5.771363129372517609e-01
9.235036800739814256e-01
7.208927574471788446e-01
1.503447257519065383e+00
1.000794866007252537e+00
6.714693199447760996e-01
1.261301235705085455e+00
8.780715467779933725e-01
8.755217659745226921e-01
9.999673006653440055e-01
1.072830921538087123e+00
7.938378118120901217e-01
9.407812722056934085e-01
1.185272797389298471e+00
1.161292212352162956e+00
8.459532476070784623e-01
1.341519124283717224e+00
6.783495159583697864e-01
4.396676865640663512e-01
9.672158354794415658e-01
1.115434776462253863e+00
1.848703721010689360e+00
1.044222753326739861e+00
8.193192758568847989e-01
8.358682968754055365e-01
3.508761335148778415e-01
4.039574328726067698e-01
7.963094862751314285e-01
8.420257106310841122e-01
1.214850964276071199e+00
1.125346813617597252e+00
6.354130064260106181e-01
6.503100057076279805e-01
5.437435255257855315e-01
2.973787795942545720e-01
5.099408122670403554e-01
7.377060511248982877e-01
1.072873510268474995e+00
8.394868979026437472e-01
9.102573930834164662e-01
1.135382433247574374e+00
9.627048169029042146e-01
6.526146139418527170e-01
7.231325684790882447e-01
8.535623605998885477e-01
1.235902865345851476e+00
6.244654112934426848e-01
1.285914447952797524e+00
9.919333037676487663e-01
8.467195645496401468e-01
1.063954678967461875e+00
1.579348789607937897e+00
1.449071616984474620e+00
5.957939000140156649e-01
1.103152671298647025e+00
1.004892753115638193e+00
1.209141570850061465e+00
8.483105079045362151e-01
1.267428581074027782e+00
6.537163783051449517e-01
9.592760772742490172e-01
1.074056721561437167e+00
1.127663225785557888e+00
1.091189128026868183e+00
2.885185859830756705e-01
1.781217117763045810e+00
8.736426649841105840e-01
1.920349432012588897e+00
1.088343832275461942e+00
8.681678278901769907e-01
4.376271098886932998e-01
1.320895784086809854e+00
8.570955679765206447e-01
9.142229057816437798e-01
8.847710086130630147e-01
6.415278792288312548e-01
1.175357660415611738e+00
1.384709739184464716e+00
6.163835988226338269e-01
1.413536023448918488e+00
9.938150714280635789e-01
5.789587423291271406e-01
7.616818090910082439e-01
3.095929812749106391e-01
8.052219113084505553e-01
8.330039175552463870e-01
5.150155035322767638e-01
1.092226570534574615e+00
6.577125217302850491e-01
1.722352609089923492e+00
1.320612423909102162e+00
1.482590874722203855e+00
1.463293370378009328e+00
6.783693223557959451e-01
1.093101405112590463e+00
5.171580452123882843e-01
1.627188171395717475e+00
1.597094456100999427e+00
1.201186585490249925e+00
1.423143594368699194e+00
8.374209838060712174e-01
1.299098792992843698e+00
6.183962966795875094e-01
1.225469571022795634e+00
1.612634836254529302e+00
1.036593627016436869e+00
6.708136619049279714e-01
4.404089085149640037e-01
1.016243422674824259e+00
1.133217152985145137e+00
8.278528806269529472e-01
7.189387705203857948e-01
1.372623363369543714e+00
9.462297680628262153e-01
1.209089985262812750e+00
1.247569423254431875e+00
1.029585545767247590e+00
9.728952067585621144e-01
1.335260807132174099e+00
6.279693612251396884e-01
1.286091005193580328e+00
1.203358904217646019e+00
1.482983992426365916e+00
8.447946514358890546e-01
8.650781312197012296e-01
1.289915720719899017e+00
7.736017992770267693e-01
9.807528006250401109e-01
7.874705577231165821e-01
7.591093535882815768e-01
6.625147915483088346e-01
7.818364507349196968e-01
1.147209425821617224e+00
9.636260346939227173e-01
3.295386442766377599e-01
9.013885934712008163e-01
9.980227457395542956e-01
8.950060792435968748e-01
8.063935952817451458e-01
1.054792766140574933e+00
8.519019010903947642e-01
9.179102614247773850e-01
5.476551208537758786e-01
9.384519500406706127e-01
1.137282115293912543e+00
1.211428526445932796e+00
9.119349332115000983e-01
1.041586092911789940e+00
4.823222177679417633e-01
8.080233193495011124e-01
9.868271766878223827e-01
1.404068313873438667e+00
1.313950773456884935e+00
7.976794690380835107e-01
1.119870088496156102e+00
1.175278439752337922e+00
7.950388187957484476e-01
7.862565577113559412e-01
1.364970695451003913e+00
1.166557057057332036e+00
1.534183669358913926e+00
5.295197893265782829e-01
9.547837632072397884e-01
1.003782960883563335e+00
4.547020892779800594e-01
5.286978036513648727e-01
1.031065860471102269e+00
1.026635858482977781e+00
6.701948355853939443e-01
1.708927907185736839e+00
8.162071327628999118e-01
6.280068255030357705e-01
8.739355713101925049e-01
9.360612572609383619e-01
9.833971830149703663e-01
1.300342565116653359e+00
6.293850416785722324e-01
1.384965981266235380e+00
1.049037954582569654e+00
1.135756257460123209e+00
9.201332574471853265e-01
6.985198408642149248e-01
5.446237072574768856e-01
6.607334656805305961e-01
1.241404570396164253e+00
1.226409271390192623e+00
1.245360955101997735e+00
6.629706627491724902e-01
7.387405060587407535e-01
9.623552616485123723e-01
8.748725044286111974e-01
8.945599417429017652e-01
1.192260353638277870e+00
7.279066612772240319e-01
1.130280372785636311e+00
7.744999549685241957e-01
1.372834856534731696e+00
5.597613889227600614e-01
7.713493313942906271e-01
1.166495784987909623e+00
1.876429873221373557e+00
1.398528946418332364e+00
1.042137119697589931e+00
1.340623907434850937e+00
7.702508486564794143e-01
8.332073869431066981e-01
1.003404918691254366e+00
1.134771805099042519e+00
8.021707646480873422e-01
1.062089223381422087e+00
1.332870797739769575e+00
1.668808823320797829e+00
8.725554368933375882e-01
1.099301123345591824e+00
1.012814656684558168e+00
6.558996484995665011e-01
1.122973912594281254e+00
5.238810032022643837e-01
1.100711511866116377e+00
1.037093707079675298e+00
1.057277839170146727e+00
8.033840979969610885e-01
1.284124905058960930e+00
1.142274772623550705e+00
8.506817360495420033e-01
8.502376269488043370e-01
1.260639621194680871e+00
9.619900157038893118e-01
1.316367598287763618e+00
1.526344298662235310e+00
8.475079745384046515e-01
1.351952618592625832e+00
7.062164495938446640e-01
1.231935454421875686e+00
1.336081264425977633e+00
1.023427367803739774e+00
8.144218473222019083e-01
1.213314195626464587e+00
1.114368662195998283e+00
1.696260418024880812e+00
8.915361649974598013e-01
1.041069240120843897e+00
9.379915791427988481e-01
1.416349365001147387e+00
5.664708668678901660e-01
1.155064597732079701e+00
1.085348890900852403e+00
7.776630706846558994e-01
8.581034369783728799e-01
7.266064032124147642e-01
5.734638960709961264e-01
1.524642795805996043e+00
1.232280723980046400e+00
9.393262593380748982e-01
7.208480235481182774e-01
1.445264582560978672e+00
1.155550655578956754e+00
8.965441082561370623e-01
1.221064491546971498e+00
7.741940751514119201e-01
5.752305870175857816e-01
8.207999879044288738e-01
6.620992491856478868e-01
2.063883901047620206e+00
1.100517161749648309e+00
8.537516702362888399e-01
9.457570593176662932e-01
1.482270506074790273e+00
1.589272081156163807e+00
8.661989560436186286e-01
6.641407396466848523e-01
1.084599140281532037e+00
1.255429940509551479e+00
5.089798669733017755e-01
9.236809176766705987e-01
1.605189949527511040e+00
7.245061564997963277e-01
8.270069394289929487e-01
1.538472618618594634e+00
1.610906612638767665e+00
8.734461067058650885e-01
8.920429891080027263e-01
9.203907473886403512e-01
1.242538773536664864e+00
5.301451595921791160e-01
1.282050650322561047e+00
8.389167672848190094e-01
9.549800244296555718e-01
7.662304806059907492e-01
1.080577925237354631e+00
7.960504000330355101e-01
8.719868416065638117e-01
1.567969014303787656e+00
1.429890282723976114e+00
6.072053411037201531e-01
8.625336562741163782e-01
1.277110474107229887e+00
8.316503506661234724e-01
9.917617647055995134e-01
1.083515059406511050e+00
1.346640715903245189e+00
9.200855397203874242e-01
4.225972665125010685e-01
9.819085124898527805e-01
8.319959111072432467e-01
4.531080990012001375e-01
5.817240452680596530e-01
5.332221383606429166e-01
8.779601269530968866e-01
6.952919742074259446e-01
1.585192723564793793e+00
6.200689662601321928e-01
1.271894805727195488e+00
8.601881890622603555e-01
1.004195720985923135e+00
8.699625266233232956e-01
5.823353144403110582e-01
1.182582812836482145e+00
7.918334698847229181e-01
1.614741883188527405e+00
5.526471573212015098e-01
1.174161985190911084e+00
8.221964306836252456e-01
1.092409106795895646e+00
9.271749842383185669e-01
1.403359768348158898e+00
1.280394015349755277e+00
9.195506201776663113e-01
1.059113836783255547e+00
7.292090682446958905e-01
9.715430631577114395e-01
9.444429290165838875e-01
8.607730618611920681e-01
1.489971370456013577e+00
5.965451969984056912e-01
7.387150540421432154e-01
1.515068999324417076e+00
9.600282094788115117e-01
6.972502943343883430e-01
1.182984244510490557e+00
8.568991354787264259e-01
7.930517481383615452e-01
1.036844799572385512e+00
6.703692008604629216e-01
8.765060723705960788e-01
7.089580605318133166e-01
1.195467330170242537e+00
9.346810484925958118e-01
5.882020181609689535e-01
1.066034454876744197e+00
1.092960510789225514e+00
1.019167754037750839e+00
5.165300775238476083e-01
8.539454193108373392e-01
1.320057195010733153e+00
8.109107945233919867e-01
4.845314319193260166e-01
7.585203849365189654e-01
1.094448003568635475e+00
1.183400618116477565e+00
6.443271465076092497e-01
1.153820450848715762e+00
1.676882639589609036e+00
7.590287909443778069e-01
4.271943380941052304e-01
1.123149582475617025e+00
9.505484970244133525e-01
1.369224154617981970e+00
1.124948250983442088e+00
1.338710732716525742e+00
9.688206863412460734e-01
1.137705293956291275e+00
5.304137033545689439e-01
1.448515196009058759e+00
1.248770761226070780e+00
1.243426483144940642e+00
9.696392609256462292e-01
5.469557337383077478e-01
8.663789725465415037e-01
1.047068922641347433e+00
7.065526380827197306e-01
6.369825980054650838e-01
6.231307460572979018e-01
9.490867268839739967e-01
1.187076218782158410e+00
1.643718891599720067e+00
9.391237973200627920e-01
1.519839240701457816e+00
9.983457098941846963e-01
1.118397608334464666e+00
9.772350073247121349e-01
8.833327163028411588e-01
1.161930661300383028e+00
1.523133650385812832e+00
7.255282814780150691e-01
1.136778464037713210e+00
9.452292785356382065e-01
1.408222435473322154e+00
8.471260723377738167e-01
7.480322461872986883e-01
1.598856090252933182e+00
7.204360089467227724e-01
1.075334258525520781e+00
9.750447461649449643e-01
9.986091511144172816e-01
7.871611748178206636e-01
1.040237644327032474e+00
9.811501525024192150e-01
8.073753810100110506e-01
1.352133391300658571e+00
6.671112113573216540e-01
7.204052328305343700e-01
9.898320110179507081e-01
1.065740556275303508e+00
6.193485733135463134e-01
1.103988743522838156e+00
1.059361655890017184e+00
1.287868466235865927e+00
5.447760819874598592e-01
7.003364900129418480e-01
9.132232904451932365e-01
1.336253354299631990e+00
5.058654043214614315e-01
9.712604344573283477e-01
1.018949027840988730e+00
1.211044723122748135e+00
9.696837426385935821e-01
1.273061143330884271e+00
9.350050224830122048e-01
1.036975643840500672e+00
5.709539271551137274e-01
8.934043919720251470e-01
9.469128697885074164e-01
8.282191943394572320e-01
1.232943683503946897e+00
6.995098048572488958e-01
1.031292592333588942e+00
1.458813481745854013e+00
9.289443793975689090e-01
5.904471274202467423e-01
1.188130482783049668e+00
1.605123697247379466e+00
1.882270760450100333e+00
1.429128549072467447e+00
1.184999084854560181e+00
9.286313767076420644e-01
6.543585128763280689e-01
1.014623131972833603e+00
8.557210238133532432e-01
7.613014949410128462e-01
8.241145700420009490e-01
5.965500908493249765e-01
8.172670461951460075e-01
1.459831399510802985e+00
8.384208066120079073e-01
6.995571654802554828e-01
8.271673666362049371e-01
1.092982517338669357e+00
1.470491137607180754e+00
1.327318769394505882e+00
7.570245742928448651e-01
8.709295095157711941e-01
1.264266053512552057e+00
9.929552576562263866e-01
9.905435235688548889e-01
1.189675793522309899e+00
1.095728038241283508e+00
1.306310674802206639e+00
7.557996491659138005e-01
7.957171248670988906e-01
1.321692920893248857e+00
5.258841261442012138e-01
8.669619286371770261e-01
1.072648564500029877e+00
1.048965567374901875e+00
1.168958336593509229e+00
9.254711122775488574e-01
1.027052657248112677e+00
1.470885305845127000e+00
1.121037848408755533e+00
9.692665761730152596e-01
9.062534908446794324e-01
9.730754508047325668e-01
6.170485241899633655e-01
1.503720600324826240e+00
8.359321294588377693e-01
1.776973103544224664e+00
6.470405595976576052e-01
9.779960558195973652e-01
1.431905668355196282e+00
1.070412651632298040e+00
9.645615623537957539e-01
1.155098632116958735e+00
6.069838669707675605e-01
7.486958995103768499e-01
7.447814354094624001e-01
1.412187705598450638e+00
1.178505142309662412e+00
9.315828892474606882e-01
1.602614236787298641e+00
1.109709171918003445e+00
8.354362881744502589e-01
1.006619791973857314e+00
1.087184773907457158e+00
1.867300891139398011e+00
6.956348630658144572e-01
1.396002766282629093e+00
4.924282056152189946e-01
1.584040713574273118e+00
9.175559088796085838e-01
4.733560646105045566e-01
1.445344073046931355e+00
9.374021898277045128e-01
1.344183176895011211e+00
1.622054458759482953e+00
8.788977045837378377e-01
1.223054513125332088e+00
6.642678705635826075e-01
6.563303419063053479e-01
8.581637542299733745e-01
1.125360376057591205e+00
7.652969321322475871e-01
8.654485694472673352e-01
8.022514425170481633e-01
6.318878693734035767e-01
9.803523695950308037e-01
1.827131208854489097e+00
1.195828241834897776e+00
6.731245960132175021e-01
7.914916578106079292e-01
1.098863902423335981e+00
1.253431022150259810e+00
8.082742872084560659e-01
7.097701651043843984e-01
8.018661954060515296e-01
1.128715811421386883e+00
1.157027004756067345e+00
1.107761070876659426e+00
7.915213257137349023e-01
7.848288690655015332e-01
8.237254636964522758e-01
1.213031254648435420e+00
1.005964524550177153e+00
1.345617403174700577e+00
8.911128731006230375e-01
1.128844251151969180e+00
4.452845918567470695e-01
9.915558328118752041e-01
7.160524462662015699e-01
8.705659693920785314e-01
1.001091775821772556e+00
9.768728583342027871e-01
1.294038044764499906e+00
1.112603430000755900e+00
1.054780389292284015e+00
7.809781033318357046e-01
1.263234528511598231e+00
8.175910388264061579e-01
9.685669498788185283e-01
1.426530104929079279e+00
1.076958061887997253e+00
7.817213220701003662e-01
5.203446053285974982e-01
1.161812327118578958e+00
1.409546069594007633e+00
4.707133350248310921e-01
7.160154208350133498e-01
8.535434607887311120e-01
1.169286277680339659e+00
1.030616405313992789e+00
5.535791155562500565e-01
8.698058575688305538e-01
8.679526797555179307e-01
8.698677339959450805e-01
9.497196991321250614e-01
7.026868152878325002e-01
8.358660317103949744e-01
1.364483469165483243e+00
8.461142375728650800e-01
1.563083994875676064e+00
9.433596933383001648e-01
7.269848613636158419e-01
1.238221929539055743e+00
1.177305466124343170e+00
8.948949503754155543e-01
1.089946384307203031e+00
4.943973768082043918e-01
1.286129159945545108e+00
6.607629807063992722e-01
9.644344372269709753e-01
1.312813752356314811e+00
9.692383108644805345e-01
1.241929366295398074e+00
1.225539992232391073e+00
7.793315298762854004e-01
1.001968749301588524e+00
1.504552275052612575e+00
1.075529039049657465e+00
1.156037809946518724e+00
4.623635889788317854e-01
7.079948712822337065e-01
9.941952725049297834e-01
7.330773485172695780e-01
1.184867712782903482e+00
1.509235834540829213e+00
1.308966924006342403e+00
9.480274401204409340e-01
1.081526114925295490e+00
6.776320840208920337e-01
8.276108368326801079e-01
6.027615870058330438e-01
9.961019106616644248e-01
1.447763595201055464e+00
9.388556057226860041e-01
7.662104360163206618e-01
4.181332282069701867e-01
1.328523258066588220e+00
1.054574492480610637e+00
1.730374697613570323e+00
1.199896451022113286e+00
7.107453224563932137e-01
9.345725620085918450e-01
6.026952381639931744e-01
1.523222993447269635e+00
9.316301953429338978e-01
6.805258277491513796e-01
8.846019817660313311e-01
1.105885189544538516e+00
1.379146345221128556e+00
1.270337776950317688e+00
1.155412938163456804e+00
9.652475156624255037e-01
1.015109587976352756e+00
8.530780340686690000e-01
6.597408051401764117e-01
1.068989602738535494e+00
1.595172977865251474e+00
1.819743905078581969e+00
1.243268799386255896e+00
1.387314641271776505e+00
1.431752407401680305e+00
7.242907900660715548e-01
8.308558706641471225e-01
7.947323573558202625e-01
7.480061158509974106e-01
7.635199670800357774e-01
1.075642350414831583e+00
9.749020645725950951e-01
7.475111812432123637e-01
9.714001730633907705e-01
9.698364286114435906e-01
8.575109478607899627e-01
1.531748001159424000e+00
7.681296552564195190e-01
1.469394691265589081e+00
1.012065046480536967e+00
8.788463850238296127e-01
1.116116574715968035e+00
1.583976773585873632e+00
9.793122191635434959e-01
1.148610059309252529e+00
7.946227223482779101e-01
1.230472096306092222e+00
7.012009271804662269e-01
8.538230405369160447e-01
1.062690335375430228e+00
7.096839854538281589e-01
9.953662572466854819e-01
8.574357936098770949e-01
1.273547741530930866e+00
1.714701131010767821e+00
