7.742724450911754319e-01
1.735699358257001723e+00
6.914955018547331855e-01
1.455316786211178215e+00
2.534346538963090367e-01
3.564684700704170428e-01
4.897107212447397440e-01
9.638587450411092439e-01
3.618206710390041714e-01
3.264430414404121961e-01
1.406909629161820607e+00
4.835964340542216466e-01
1.242559993593897349e+00
1.440305054504282367e+00
6.369691564436678055e-01
2.607649649649503854e+00
1.066772666358281191e-01
1.823063224215839773e+00
4.889013699547480885e-01
1.129426200066243613e+00
7.174253623059473339e-01
2.355782083562684370e+00
8.690003931295424699e-01
3.486523313883540531e-01
1.264451223647335976e+00
4.977427521507499786e-01
4.747388205411317008e-01
9.610087419203079406e-01
7.631967761722643351e-01
9.341288625735906237e-01
7.180064599885942478e-01
3.035894005510304527e-01
7.787881722126499540e-01
1.088012263412660330e+00
2.077629701330275136e+00
8.858559178305032145e-01
9.504375731450813714e-01
5.313930880759205611e-01
1.298797558265958996e+00
3.747790973058072739e-01
8.758132494267962809e-01
1.425737988598723582e+00
1.151500717964716758e+00
1.460684825921263030e+00
5.156761564431615597e-01
1.319142110806301171e-01
2.027849137445327354e+00
9.875575750469908209e-01
3.881386011917485890e-01
1.809937424767257941e+00
5.713629310702992292e-01
3.098948495596969277e-01
6.076506666964178738e-01
2.311971714576909198e-01
2.410954955503594732e+00
8.838433620327988960e-01
7.425159019180487263e-01
1.421333268588209853e+00
7.913874366354767265e-01
5.281166250808115858e-01
4.972214621557036751e-01
4.669017638460045694e-01
3.713433998794291591e-01
1.174986528914065742e+00
6.545975472946794493e-01
6.097574716277065487e-01
1.133352531744606484e+00
6.735112885396725702e-01
6.321560623692579206e-01
8.642719329633861136e-01
4.730462126736132422e-01
3.667214882369894124e-01
4.921283766211168587e-01
3.541563373447180751e-01
1.113550596747187704e+00
1.474659282452227549e+00
1.737935634949050012e+00
5.715736983037080776e-01
3.930119967835413730e-01
1.222668247065539227e+00
1.418104172058211043e+00
6.376826314416794705e-01
8.672055037238538544e-01
7.982881839404718516e-01
3.848068332309489969e-01
1.239201153067156502e+00
3.269313722082842766e+00
1.223219189262987339e+00
6.785019077459313319e-01
1.421697988914480071e+00
2.179731893053608038e-01
2.306062748356165759e+00
1.638900693361909688e+00
2.071323244149122500e-01
9.743674859179126679e-01
5.361029570800830424e-01
8.533097938266411830e-01
1.587036413982228611e+00
3.676864693678098539e-01
1.127649317153673669e+00
9.486517828767855320e-01
2.669447738794845648e-01
2.005422958587928794e-01
4.192873243070757150e-01
2.384473436373695243e+00
5.236644196800870343e-01
3.168079326225790027e-01
9.787130358961999566e-01
6.952812080158805585e-01
1.864688372859364840e+00
9.269257402830306525e-01
1.447133422416416737e+00
1.696785446020648624e+00
2.216731618726414776e+00
6.397990894673268869e-01
8.144527423398879584e-01
1.628087648502823059e+00
4.858865869623224532e-01
1.140069600524619808e+00
8.371822392629240106e-01
1.411183078222707277e+00
2.227300480444954545e+00
2.524838472706212866e-01
6.186729645895634733e-02
6.792308183272235400e-01
1.563045840418046506e+00
1.799655978805529077e+00
1.138593364773310412e+00
6.166597468462098330e-01
3.270516708606465150e-01
2.104353443552089420e+00
1.852417498377694871e+00
6.589066028909298378e-01
5.573474035105313584e-01
6.571699843469916980e-01
1.033520801878633488e+00
1.116087079931639969e-01
6.315279662998115606e-01
1.128663790482166362e+00
2.944521899864101400e+00
8.008537164023241672e-01
5.784438801568139166e-01
1.929092960386388889e+00
2.958292078859181551e-01
1.848964320077624901e+00
2.454125363189860298e+00
1.264335698580748568e+00
2.681339838668964082e-01
1.257207661185188563e+00
6.231784809533257308e-01
1.388527047346496568e+00
8.712609028007035628e-01
1.752485811320248166e+00
6.280556635962060152e-01
4.469983652139605801e-01
1.121137264286942159e+00
5.544013739558781850e-01
4.830860658853494694e-02
1.863579329624693304e-01
2.961622336038440828e-01
5.144994589344824565e-01
7.278710010150769572e-01
1.561752291774858747e+00
1.939498937289316327e+00
2.774118426472731880e+00
1.103829185571117755e+00
4.338613273301538120e-01
2.397458292022939919e+00
8.646629876849950547e-01
2.031348267104912786e+00
2.034580955231318544e+00
1.418365162408128821e+00
7.079633282623594148e-01
6.110880206362877543e-01
3.624858387624898537e-01
1.799263169715629385e+00
2.374686933718295201e-01
3.058729557531447263e+00
1.417808612658414402e-01
7.948174232951438212e-01
2.288754581070132910e-01
1.809047342257274371e+00
6.825994269612404297e-01
7.457300123597108144e-01
1.321329010442811702e+00
7.318524786863037646e-01
2.773966509223566024e-01
1.165604445188054950e+00
1.083303975477653003e+00
7.924366286552944061e-01
3.810027135665556397e+00
6.286836059636424778e-01
7.971620395728301611e-01
1.577492868219560140e+00
7.840651407165366571e-01
1.390497622260864929e+00
6.323779447984000379e-01
1.676502862817285555e+00
5.902863176844762583e-01
1.976139458924114134e+00
7.702096553153583436e-01
6.793288321804814567e-01
1.812127938147708894e+00
3.087189772444931535e-01
1.106290828394492998e+00
1.175881430397054839e+00
7.589117923177641778e-01
9.557260819458747170e-01
2.626803254051692793e-01
1.998494091806417128e+00
3.783641431498641072e-01
1.090279017598484890e+00
3.092136358272866703e-01
7.599641720475560636e-01
7.281257999196568687e-01
1.793990046316829678e+00
1.036285372266794597e-01
8.705955907831999796e-02
1.276207318534080759e+00
1.445261895608371372e+00
6.938525138426061556e-01
5.445679092270677701e-01
2.973788152587505951e-01
1.357482587282018871e+00
8.090028285183534784e-01
1.223920052451419105e+00
9.829928462237460529e-01
1.154811822725606341e+00
1.684378206870149608e+00
5.157626821619784030e-01
1.898598707942004804e+00
6.436009474859218926e-01
1.734975432150205776e+00
2.197187140075938849e+00
8.809624347456666005e-01
8.418698690341843704e-01
1.416340848435988509e+00
5.370535003008897190e-01
1.723276888342479385e+00
1.866601192873768467e+00
2.705974559654031886e+00
1.764278652266870306e+00
9.529425193842767650e-01
1.386964722920728921e+00
2.074504884799511562e+00
1.619158155370808316e+00
6.905152971413802687e-01
1.614960726384084388e+00
4.805784505658016181e-01
1.787475411191872254e+00
1.584528242754501326e+00
4.938145291228570044e-01
7.157167907684384156e-01
1.106183293273611090e+00
1.680026923987370802e-01
7.045582300896710004e-01
6.277158201133536952e-01
3.062567562142891608e-01
9.691705393078309250e-01
2.862330342527656946e-01
1.398060578045858815e+00
8.673377803959476662e-01
1.141837024719497995e+00
4.762853878314093903e-01
1.568027994000300573e+00
4.482181106397843950e-01
3.526540046636615910e-01
1.346651323493751828e+00
1.186209645086393927e+00
3.828893988244752022e-01
2.893214599094657835e+00
1.094120958327135629e+00
4.778957234651259323e-01
3.309119224313148977e-01
2.488074304440412998e-01
1.176170597968450693e+00
9.117268989118501032e-01
1.240136946846838395e+00
4.045644350520548049e-01
4.174942796263870215e-01
6.628107680875042762e-01
1.733027094224092179e+00
1.565976302730314185e-01
4.256603457615405484e-01
1.332382880894178223e+00
5.585911669165839477e-01
9.605868147357280451e-01
4.097459683853547086e-01
7.987811662365769116e-01
5.905605219004943507e-01
3.459100109696161551e-01
6.703871138020673914e-01
2.631091352281640372e+00
2.430656883436989601e-01
1.529086179806451451e+00
4.892895576519341594e-01
1.805606220210869806e+00
1.151840521094137232e-01
4.251507592086843923e-01
6.345731149885384115e-01
1.106581189163582390e+00
1.037204758096604840e+00
1.872473536916249293e-01
2.422109249464985403e+00
1.441512751376029744e+00
2.475741653388432995e-01
1.447823571991127212e+00
1.973622222479127108e+00
8.968604224903153899e-01
1.378205551251815653e+00
1.251210753643621443e+00
9.478502570211035927e-01
9.669438362071204329e-01
8.381378308409246358e-01
3.210160794326236133e-01
4.332254587605107732e-01
1.446632332284076616e+00
2.410060777061894921e+00
1.111591621193260382e+00
3.100821206893488835e+00
2.855998801150278155e+00
7.604627181691849813e-01
1.763677335739001650e+00
7.949263313644775453e-01
4.529612359175189673e-01
1.507602870646987281e+00
1.748133860511098758e+00
5.522168859745523184e-01
9.245046699264152235e-01
2.055181459364344487e+00
2.198140777617375363e+00
2.457873863093964051e+00
1.071871941455729393e+00
8.455051179583911170e-01
5.333638771505039289e-01
1.536670061827547507e-01
1.045257571550461950e+00
4.278690053286944295e-01
3.356330783289387387e-01
7.959191449962268461e-01
3.320777184767521817e+00
1.029452591975363873e+00
1.059862152901613230e+00
9.409097808800876983e-01
9.025317217704992290e-01
4.616686530012657386e+00
4.368856605477131616e-01
7.816454032883716208e-01
2.387143802929217795e+00
9.121356865021498228e-01
1.069799636884162686e+00
5.537227214023643374e-01
4.656213031934992586e-01
2.177435447296061921e-01
1.691813836603909937e+00
8.821456745403796207e-01
1.511687883453904035e+00
9.493647970042136119e-01
1.469200876887966523e+00
2.183219311453304667e-01
4.134702887843802466e-01
1.787573931984370645e+00
6.899409931971322019e-01
3.226447721221186726e-01
7.522116874815922838e-01
6.038933114125565327e-01
8.605832742637422594e-01
2.332547022139417336e-01
1.303990318036401419e+00
2.121172617347832023e+00
5.509025303368216830e-01
2.152884816960871639e+00
2.767959304754694649e+00
6.202330646532605574e-01
1.817023294155715840e+00
6.024748530277461711e-01
1.289780674791427550e+00
4.077511746672421444e-01
6.550725285416247878e-01
5.666295203542155434e-01
1.997824428298475841e+00
4.682705303026873933e-01
7.589279109387413458e-01
1.600625579368159190e+00
1.357074427333452293e+00
7.767662970630924146e-01
6.056560975753035037e-02
2.816012469016966335e-01
8.083536215607801667e-01
9.149237497217451720e-01
5.939042849192178730e-01
3.394139411739817147e-01
3.267684554779944239e+00
6.340498019980469468e-01
1.052140360412839315e-01
1.574826006442011095e-01
2.901164120958606318e+00
2.356916276133449895e+00
1.562427375684455999e+00
1.529904404876430757e+00
1.757753874504082159e+00
2.251984818971420610e-01
6.672963021975447662e-02
7.692761341714595691e-01
4.817118326334848821e-01
5.283886832771321762e-01
9.678900696472954035e-01
1.332703639382467609e+00
6.182316226723092445e-01
1.211540935451660861e+00
3.599907906359307574e-01
2.901102488004227431e-01
5.117956982879811045e-01
5.054463593965088375e-01
5.805579229420170240e-01
8.271953901386329688e-01
6.732779833298060401e-01
6.907580186785383658e-02
8.011991005758630768e-01
1.130104327633563610e+00
2.272804318753499420e+00
1.584160766714740820e+00
2.505145631994428079e+00
1.336543918519305763e+00
1.385212314585860582e+00
3.607528672873673847e-01
7.654463339240997755e-01
1.317040895974902703e+00
9.351752459914381976e-01
1.086397173280468254e+00
1.519443550621451255e-01
8.293311777889564862e-01
1.152832061459686308e+00
1.840608932350188853e+00
1.693648688322684226e+00
1.271271955624977634e+00
8.732328181857075267e-01
3.922964371648003379e-01
6.528380181025636997e-01
1.243779632523447809e+00
4.115696889182566265e-01
1.009157985411471392e+00
9.101911754086944306e-01
3.629011099064103352e-01
4.324478718776413877e-01
2.946726164996629205e-01
6.182392690364041377e-01
7.047364855203426259e-01
2.513172851470659164e-01
2.491140780967610047e-01
6.433367793964807069e-01
2.432778217658269959e+00
1.378051916092857043e+00
6.828153953960327538e-01
3.353096501571047883e-01
1.623459030117831159e-01
2.251597914283381408e-01
2.022163185424041387e+00
9.889508941114706353e-01
1.877691200771687274e+00
2.576587270279385722e-01
2.719679332225871882e+00
1.765976793183575422e-01
2.215300613818694586e+00
4.541172250656215770e-01
6.673268181359850448e-01
3.371746952294797373e-01
1.044087307794344666e-01
3.217896141646204855e-01
5.320939202883899766e-01
3.714239082046417728e-01
1.248168343456672158e+00
1.441313822783486076e+00
5.008846386226234459e-01
8.858513467994171275e-01
1.480507762574353015e+00
1.077645036703867021e+00
1.264441035708319561e+00
1.301650088888914203e+00
7.889756467007793539e-01
9.528862076534717618e-01
4.318117406959832150e-01
5.726830055798929342e-01
5.265259875116509170e-01
2.487810440395849532e-01
3.084700714605712046e-01
7.967680690566967261e-01
6.654708129994600929e-01
3.535829388151476849e-01
5.873604141552901670e-01
1.548537999661804720e+00
9.720359650795321604e-01
1.252032360848115422e+00
1.248471313508990210e+00
1.614251912721033633e-01
1.255132824001071290e+00
8.445933864755588161e-01
1.199461549717558251e+00
1.391538128775157146e+00
8.239107855359089072e-01
4.254046657235717177e-01
8.168196076390815685e-01
2.079085692404443186e-01
2.088518774897161756e-01
7.678943501793315807e-02
9.739590007224387946e-01
3.976345678869678268e-01
9.822270220550554098e-01
1.251387097570302531e+00
6.560177194577117010e-01
7.262423208007982023e-01
3.707049702625300758e-01
8.173640975322434832e-01
7.052333865704759619e-01
2.052102461416136947e+00
1.684817629449754994e+00
8.474410322156594733e-01
5.112343658387115131e-01
1.773767790547753909e-01
1.353007549733112436e+00
7.090680724763311904e-01
2.878786001812319029e-01
6.921489958843849433e-01
3.996531355451047318e-01
6.725900720917745712e-01
4.194980972300675903e-01
8.438724823984637968e-01
2.189323367029230305e-01
2.227107819010647027e+00
1.784352866666947923e+00
5.851454152266910569e-01
4.011876520445888383e-01
1.988625092653864279e-01
1.776758320061874397e+00
5.973533144041796028e-01
8.721124060366917119e-01
2.260595182077967946e-01
7.865678955284074458e-01
1.426648680096122668e+00
5.030748290631619213e-01
1.871182602722661459e+00
8.427356431573025386e-01
1.052072564501948859e+00
1.874634352254608560e-01
5.116701511422010462e-01
1.483163574394865014e+00
2.246795342051815414e+00
2.574565178864929305e-01
1.488757629369218183e+00
5.098855172997051044e-01
1.729728198356918767e-01
3.743029680571018147e+00
1.173448351027082115e+00
3.317970690952712354e-01
7.807768334371674168e-01
2.113822794950968031e-01
4.578095972041753559e-01
6.835885615037735619e-01
1.236896146733196034e+00
1.071478597595363791e+00
2.732590027830866242e-01
1.673021832924100338e-01
1.217937180191510649e+00
3.024558903402682630e-01
3.735236459065984782e-01
2.402844098526486949e+00
6.757114463918109659e-02
2.427411745552433553e-01
1.170994198798341657e+00
1.482985325845492142e+00
3.163171086532427512e-01
1.156300937540947427e+00
5.057610700883001797e-01
5.030201807259528923e-01
4.495080119585294076e-01
3.978395747781925396e-01
9.641642341664138360e-01
7.089156430733516423e-01
3.810294046403561730e-01
1.497600568507402752e+00
2.334229805104786615e-01
7.102527404034267855e-01
6.039453983189201347e-01
7.397617731825090193e-01
1.029926677406291180e+00
1.013577530186259068e+00
3.747254032745976904e-01
1.130304612583726609e+00
4.546577402543092727e-01
8.828568823515277053e-01
1.866501541692109578e+00
1.912536626030509668e+00
5.316507647426648164e-01
1.356592493060137794e-01
6.905005026002918322e-01
1.653768955614331571e+00
1.000738027488881299e+00
6.483217125346305565e-01
6.138782213213820338e-01
1.196383709561241071e+00
4.326684516429692429e-01
1.211953668515010740e+00
7.056789119240706176e-01
1.245210027909493311e+00
3.381894056565428741e+00
1.918857115049558359e+00
2.298971661819565693e+00
7.781039161619136557e-01
1.739378065194500778e+00
3.094473433277620256e-01
1.693553825862911810e-01
1.054909959356034932e+00
1.699155927985730230e+00
2.452787189211638741e-01
5.023917731553317889e-01
1.524242692774199881e+00
1.014573832590434765e+00
6.819365292165849857e-01
8.449034121862946112e-01
3.928169230687047486e-01
3.080080944743415761e-01
2.018247795683777213e+00
4.961398261079164040e-01
7.241362600725522736e-01
6.037380054685438369e-01
7.951785797521893073e-01
1.066627428639904451e+00
6.834586634316178744e-01
4.391345030664920435e-01
1.731500476534098554e-01
8.755158442172267241e-01
4.106276556036350112e-01
1.619197191630909582e+00
2.586454734966459057e+00
9.562362926619365489e-01
8.184495608734463357e-01
1.279557643790599553e+00
1.424733841386990330e+00
1.525741977706812191e+00
5.339284425839783133e-01
2.674766456574345086e-01
5.367285211998832350e-01
2.806195391605365019e-01
4.525494851763893212e-01
5.659252949555025891e-01
5.287458216849034720e-01
9.259379050483951268e-01
1.193357030585806333e+00
8.858634400954308319e-01
9.801408108503935068e-01
3.388615242301823427e-01
1.625387403261398411e+00
1.081700553403942111e+00
4.218764903755379825e-01
9.188611345775675732e-01
1.347667551522828910e+00
6.845842041674949918e-01
6.839857148332739722e-01
1.917589900972356487e+00
4.979310635131655172e-01
4.423636664923209505e-01
8.884020872894201615e-01
3.381630899368401888e-01
3.357978744179566655e-01
3.802458939179870767e-01
2.491648415418113993e-01
2.355995646764021956e+00
4.590808512416300058e-01
1.224595882733078067e+00
2.706138728075816458e-01
4.716270328761022479e-01
3.035549433022963206e-01
1.343546879988860021e-01
4.196049450908682088e-01
1.199469630921233376e+00
1.195752287103982736e+00
3.883644059769907897e-01
1.129843588470645255e+00
5.893743110092162230e-01
6.402177985935388893e-01
2.065541047045149625e+00
1.768474075775526844e+00
3.398857953017785927e-01
1.260014196026205680e-01
2.618306667186993120e-01
8.018404698020972221e-01
1.907031940096477918e+00
8.606635985843278380e-01
2.472491972072579369e-01
7.756033858675381865e-01
1.473861012289847394e-01
2.026405734422838556e+00
2.563045696633211024e-01
1.008595149690601378e+00
5.219162428522479136e-01
4.455846772125813815e-01
8.963764805866937246e-01
2.395028073946291469e-01
1.658075338589275027e+00
5.791538200267011272e-01
6.039266484622440867e-01
9.974558854042960832e-01
1.073457913864760194e+00
7.210700685779134478e-01
3.200725252377261132e-01
3.005826386229700775e-01
3.841363710357083017e-01
2.307547323279639073e+00
2.605508546906128431e-01
9.782409743517564982e-01
8.459141785688197857e-01
1.510923449462197032e+00
3.667390644001183864e-01
1.531549433757479761e+00
8.220560274793653477e-01
9.656663775108556003e-01
1.452257734246159337e+00
3.553059745987942275e+00
5.705642194239591847e-01
1.471456242440991824e+00
8.518215659011504348e-01
7.582090208256522246e-01
7.905525123934377119e-01
1.497498761469822748e+00
6.646797701701872008e-01
1.173531318525760314e+00
5.226366347012914026e-01
2.810591389742984614e+00
3.757915623546267958e-01
1.428795203349109366e+00
1.234587018049977836e+00
3.295280838309189719e-01
1.068419118969743842e+00
4.692980998336572784e-01
1.421525708643105013e+00
1.107318707232974042e-01
5.064011410513686862e-01
6.614658070876595630e-01
7.265536393737914711e-01
9.065624149175696145e-01
3.830445473894827368e-01
6.165219920773210571e-01
2.149750987201250185e-01
7.984887461629727179e-01
2.618627823090151630e-01
1.010593432295507021e+00
3.155485374564110934e-01
2.056558149996594587e+00
2.090803886113491661e+00
9.927713309200989489e-01
2.854263292974827948e-01
3.865015072562075771e-01
5.989182565653131673e-01
1.471602382247104268e+00
7.485259999357138927e-01
8.252468133417125706e-01
4.664912415057858586e-01
7.911986649194479027e-01
6.866107116185167225e-01
6.434515257093380569e-01
1.369481635940409614e+00
1.248007880097251610e+00
4.675110840894582398e-01
5.882607414476267449e-01
2.544682495143618661e-01
1.911069239657045005e+00
4.132613921101229160e+00
7.963565199967428399e-01
6.216774968926140899e-01
5.955341743996240833e-01
1.009590975548566361e+00
8.887566564541091729e-01
1.143767049114035705e+00
6.505114581714660504e-01
5.021782037387464648e+00
5.210854793554458020e-01
1.737052250256097885e+00
1.013998699120163938e+00
9.615635321372223432e-01
2.584338300430393698e+00
1.045001133617770028e+00
7.836782735554730372e-01
7.926341310461683110e-01
3.982336377189431564e-01
1.078489244024334770e+00
2.116630360526029264e+00
3.040364975670507008e-01
9.979293028477722594e-01
5.738583084902459941e-01
1.225945198347699439e+00
1.692083020881641309e+00
8.109253514117233941e-01
4.897259124852676448e-01
9.529502241950589259e-01
1.028549688104124504e+00
6.409108055729028086e-01
5.913644863324387657e-01
2.365957429715080718e+00
6.592606983843569690e-01
1.462941058866332966e+00
5.729241134965118443e-01
1.493766392443610647e+00
5.911366717724433339e-01
3.178742821817021058e-01
2.100267727487320268e+00
5.392829299935836262e-01
4.355714080947388211e-01
2.111043689498879328e+00
1.595610149320469739e+00
4.313767797544771909e-01
2.211820259984448089e+00
2.711207911252147440e+00
6.181102033970578002e-01
1.353672677354906817e+00
6.728848786906990731e-02
1.929666598691364587e+00
7.414352516653726077e-01
8.258420015739875719e-01
6.076960975104135354e-01
2.049098824180806688e-01
1.012096490875913135e+00
1.749169286796932621e+00
5.424124598561221866e-01
9.131528832320930933e-01
2.154209258220138867e-01
1.218493529187546054e+00
3.566263228278037545e+00
4.044885299765686448e-01
1.698030162427909051e+00
2.715602667795268266e-01
1.667655486684652022e+00
5.770507875915917850e-01
4.805154844970112027e-01
8.614830550681529253e-01
1.431444966867866597e+00
1.183284117951808323e+00
1.059678566752487505e+00
6.547031312384816726e-01
4.405190281585150025e+00
2.535968960351238644e-01
6.211512569278451190e-01
1.800066268096450983e+00
5.777076174008916043e-01
1.823299197422853180e+00
5.843601443238343185e-01
8.265010254619981067e-01
5.106942075165942230e-01
3.189060939348602464e-01
2.110729742826514821e-01
3.349194492415478175e-01
2.452267381883192598e+00
1.859099670156883377e+00
3.944129675589661543e-01
4.391872672116339804e-01
4.153254501981002988e-01
1.190126008386920287e+00
5.858961573084986441e-01
1.350685906877030940e+00
1.847342695643356736e+00
5.864389451029998757e-01
4.656380539023852183e-01
7.010448293159596833e-01
2.380456360631051815e+00
2.497134159314389756e-01
2.570489677688481134e+00
1.325844059379027051e+00
6.812447747054507508e-01
1.452819351706075901e+00
4.702571995305084296e-01
1.024663892629375184e+00
3.116805565961608071e+00
4.893458624382641675e-01
1.074215790470092413e+00
7.192034157857554177e-01
5.910390863863892452e-01
8.061046443827174501e-01
1.429987173937244727e+00
1.470443832782524218e+00
8.648379965477598352e-02
8.053227956600601534e-01
5.433254524966645294e-01
6.237026784181267658e-01
1.338473866560930814e+00
3.789850652951090026e+00
1.696739188032328760e-01
4.322649041097987865e-01
7.935169182938118793e-01
1.277559682116155226e+00
1.893172778727113759e+00
4.857653436529305035e-01
2.206244655029658275e-01
1.832613894363559925e+00
8.330101111668739566e-01
1.777299478123893328e+00
4.323670923635190011e-01
2.012884748475962937e-01
9.690621879842733488e-01
1.866364097442877457e+00
1.934278205157325736e+00
1.628736294488039305e-01
5.047102148046977987e-01
1.421675277856209396e+00
9.467631759304506733e-01
1.713751224390152261e+00
1.570967886494953003e+00
2.728818848726486390e-01
5.408660835830532143e-01
6.455833227022813592e-01
7.193805341921419849e-01
1.040612186324556543e+00
6.567383461515281518e-01
1.422103473205623025e+00
9.129219846774870861e-01
9.745340479483068918e-01
4.810169032827333324e-01
2.755538748941828153e+00
2.422648606639036917e+00
1.449042869248207133e-01
3.211908323629322659e+00
5.517517750873219828e-01
1.734601029626545166e-01
7.156875777140795369e-01
5.895336330973766081e-01
8.534569439108889988e-01
9.021460259259972414e-01
1.929849605676161817e+00
1.260190428431935628e+00
1.668882300656680417e+00
6.826783850975046697e-01
7.093045842442282645e-01
6.829577549210772425e-01
3.215459420720193640e-01
2.619974403944366870e+00
4.579953898139508262e-01
2.070722594781425396e+00
6.448216964055326628e-01
1.289455677062344874e+00
1.440185936669602151e+00
2.517133243297415834e+00
2.436290735984488753e-01
3.456616410970774211e-01
1.265182120635941765e-01
1.204904719333318441e+00
3.231861516865131456e+00
9.055292588908565588e-01
6.684197192916795371e-01
1.536348283475836629e+00
2.229556707089213496e+00
1.993893833208884470e+00
9.168917288787339359e-01
1.051494813542259266e+00
6.586655788119473165e-01
3.728950080330266648e-01
1.694803262649966280e+00
1.165847885124722705e+00
1.032274267768010567e+00
1.434937749003014906e-01
4.710740205258809876e-01
8.451891504652123688e-01
9.756227361104831408e-02
4.325169245686424357e-01
3.014391771374543838e-01
1.686041005863466058e+00
7.870856860507792208e-01
3.397062698562254290e+00
1.626691767066529515e+00
8.681632372312965140e-01
1.682712931424068081e+00
6.976304400720008125e-01
1.135425293583840700e+00
4.252885595128245710e-01
1.010018971783715747e-01
3.721295631266699822e+00
2.464526405456753277e+00
8.885961920844117623e-01
1.734901619998205358e-01
1.110305483510823255e+00
1.947026978453352264e-01
3.186541182456068988e+00
3.971709817347135463e+00
9.341263355152228387e-01
4.234416373444302994e-01
2.566144067754621561e-01
1.520395302865194864e+00
1.195932885933029682e-01
1.612029610105800259e+00
1.712700497323594195e+00
4.704605834784948981e-01
7.552434728309154188e-01
1.845486988236033854e+00
2.190827948297062733e+00
2.599617259340684661e-01
6.725807061385261632e-01
4.128670428984329011e-01
1.432916795753494954e-01
1.214346936087684625e+00
1.929740163561483701e+00
8.869269093611770183e-01
1.529495253562293655e+00
1.033163052974721108e+00
