8.634759082839573718e-01
1.831826104225307450e+00
8.354550842027304025e-01
7.944568440914715479e-01
3.269159629346713447e-01
9.303912014447406342e-01
5.348019005312454333e-01
3.608067079796976051e-01
7.685584692464656476e-01
4.398338535574725094e-01
1.176303943360031745e+00
4.724704042995202524e-01
1.615245161351454684e+00
8.146383776211855166e-01
4.469260815405284859e-01
5.705294713504174275e-01
6.967064970446760208e-01
7.424048583272226942e-01
1.275406174765140843e+00
5.313649487393694582e-01
1.199385572182811499e+00
5.614328821901936051e-01
1.358947258861618490e+00
3.339086209718590825e-01
5.497397058529600589e-01
6.025152634426149678e-01
5.345755087934118688e-01
4.886877117445959651e-01
7.897417545640224024e-01
6.864071833146709878e-01
1.496384417972535408e+00
1.507784478528019889e+00
9.313399963865639508e-01
1.985035295036568170e+00
9.457555926677128078e-01
1.348586621778798511e+00
1.092497662121433954e+00
1.130249431799260851e+00
1.120733959283241266e+00
1.287040337319086181e+00
9.561653588779378543e-01
1.024098457394228889e+00
1.199791703206723126e+00
1.095050495980935956e+00
1.200723805743337147e+00
8.606341070161966922e-01
7.134501804929669344e-01
4.550322011785139509e-01
1.116070767795237062e+00
1.493799504118564325e+00
9.545548468662164998e-01
6.459175313480369773e-01
1.135145782779358292e+00
8.603456943631879739e-01
1.501267864901602245e+00
3.355328070226183401e-01
8.189751703861463117e-01
1.578393894448537171e+00
1.075982170735538146e+00
1.079469795009452282e+00
1.804403762442604586e+00
1.436950851583686406e+00
6.238712002152558833e-01
4.169806208184136942e-01
2.136130101721368302e+00
3.349427960694533191e-01
4.713564268693046788e-01
1.860250568863750509e+00
6.194500298821762341e-01
2.475938668278420351e+00
9.612176355378214687e-01
1.047618139662361170e+00
8.186855108152446547e-01
1.629265565932343618e+00
4.855234572662858739e-01
1.170344808198965580e+00
2.576189338319802680e+00
2.642509834047483963e-01
6.484821327878966812e-01
5.613338140527459608e-01
3.528338641120128960e-01
7.825316857236973567e-01
7.549675159881398256e-01
9.167239898431387424e-01
6.798198346635234701e-01
9.142315772199653967e-01
1.077335182137864944e+00
1.875816429998957480e+00
1.536220138993904971e+00
1.018394872386015004e+00
1.166808296244709275e+00
8.800357155125435593e-01
1.439668706430029754e+00
4.404449931281345654e-01
5.676536771672779924e-01
6.369249923461961505e-01
7.780003710863691024e-01
1.540494907117435863e+00
1.799356259555498827e+00
1.498829171173886587e+00
9.080186026995900050e-01
9.317741982568203962e-01
1.001808847534376268e+00
1.654736072424768167e+00
9.302634779124858699e-01
2.527919414884065574e+00
9.236918853452498190e-01
8.654204739501014654e-01
1.600473387329052422e+00
8.583336150914048224e-01
8.926634118665739415e-01
8.508534058192380733e-01
1.284411291132882882e+00
3.657021881261286467e-01
8.295931228035154925e-01
1.218316856002233273e+00
4.008393388631776855e-01
5.377850372000784196e-01
1.119394259855080787e+00
8.235291644667614985e-01
1.208540432119746377e+00
1.118774418667226822e+00
4.724497896106135686e-01
7.958274823886219984e-01
1.338448994695672356e+00
1.486699662834761515e+00
8.954025592184220450e-01
1.269001484658192958e+00
6.459634451497469065e-01
5.358987931965164542e-01
4.383237325552897246e-01
1.052271982658149252e+00
1.547071509177491810e+00
1.465958098366163309e+00
1.502727695502110716e+00
7.280798762975511096e-01
1.011738698222944821e+00
1.203771991815342446e+00
4.741749254091807142e-01
1.329702013972585473e+00
3.197541110174168533e-01
1.122168667722191593e+00
1.850229450705193956e+00
1.234278161038569355e+00
9.919573895387345797e-01
7.899567580697341995e-01
3.862743817049172357e-01
1.160051055351991822e+00
9.400055592629634749e-01
3.795039925596986885e-01
1.739556173762451641e+00
9.076894177295274924e-01
1.827585583548566373e+00
4.402662806207079393e-01
1.107234017098071455e+00
1.457425222241898410e+00
1.831871294716008514e+00
2.664316946231613525e-01
9.630980962893065378e-01
8.013779284811859416e-01
7.548800140668223690e-01
1.086837778080873340e+00
1.516307585283724890e+00
9.828972105517965741e-01
6.979442925136457587e-01
6.140827494790720431e-01
1.310298256538634076e+00
2.188068203091801500e+00
3.779286531709877828e-01
8.861777061553828272e-01
6.078971771520580436e-01
1.578549358138660708e+00
1.009208086028508644e+00
1.411950759651498410e+00
8.696935226127018304e-01
3.912689520538829568e-01
7.456105715467775674e-01
1.313745657233485353e+00
8.395420543968092897e-01
4.404329123145104830e-01
1.002543890380709124e+00
2.090346184212248826e+00
9.393626574256683792e-01
7.252249613231869230e-01
4.826946679015907682e-01
8.207011197598288454e-01
4.050912150023378011e-01
1.056507098835516079e+00
3.403966713468101202e-01
1.236019265998593131e+00
4.137631737885197891e-01
7.451318085586400297e-01
1.079151002608315979e+00
1.199774643007331054e+00
1.436030661349980919e+00
3.848417475411295419e-01
1.414130294133273402e+00
1.000068339515546079e+00
8.339102884976110630e-01
1.731443178254211457e+00
1.060458936330129109e+00
2.169571289050324037e+00
3.489140808704455088e-01
1.157662586767836732e+00
6.749560142697326182e-01
1.089084201868047330e+00
9.309775854336606038e-01
9.141714059921250968e-01
3.435981660027239148e-01
1.132433798610393616e+00
4.866874453067264183e-01
2.255178438039912581e-01
1.393519489921457355e+00
7.327100087762989933e-01
5.514637968066451457e-01
8.155640657845566466e-01
6.333262590607128262e-01
2.869061023532343491e+00
1.398984596455038698e+00
4.331538533171299665e-01
1.959936113205386965e+00
3.543812662304539618e-01
8.045765898824125406e-01
1.050783073712476368e+00
4.075123732849872393e-01
1.073775699602040890e+00
2.856562328205658474e+00
4.305138715977853137e-01
4.924939967386378070e-01
1.290927151899928793e+00
1.812274806399266858e+00
6.737080570928044576e-01
1.214885811221697365e+00
5.060023806374885913e-01
1.023670560426832576e+00
1.833145218064740067e+00
5.714419588084438395e-01
3.069361359133053746e-01
9.533529807336800221e-01
1.486995543280899668e+00
1.388775768287195289e+00
1.241038138256409518e+00
1.480447184146429063e+00
9.553102925243126542e-01
1.306348906378187902e+00
7.426981017439189259e-01
7.966430205639782880e-01
4.874121685392648340e-01
9.767680204911759478e-01
1.775949596049668511e+00
1.899698926951749467e+00
2.008716786923505915e-01
1.035131106060225958e+00
2.755399602789982416e-01
2.109316520270315465e+00
1.129637980133527675e+00
5.596421486266835998e-01
2.039251713115729725e+00
5.559438060963370898e-01
1.151606078641245867e+00
1.733357497526355040e+00
3.733146916373182300e-01
1.510422560848591056e+00
1.178114433492926771e+00
1.505480970701658983e+00
1.267587039123677872e+00
7.545072523619509308e-01
1.224385752710689390e+00
1.018307900829286128e+00
7.079622509364283944e-01
1.289805114784834394e+00
5.321067199971251105e-01
9.844837512935209478e-01
6.795415713210806175e-01
1.085277486207327113e+00
7.742589899452758662e-01
7.044165340182333424e-01
5.668207011339938539e-01
1.378863002463405429e+00
1.123041058482298959e+00
9.864999042157749365e-01
1.271610924276538546e+00
1.323433150545798354e+00
1.327974092906096359e+00
4.517677052579035513e-01
6.007527174622111499e-01
8.880317928971965813e-01
8.060487213831032394e-01
1.173917272880268481e+00
6.177229620034402346e-01
2.883865437756782391e-01
2.757376162383401663e+00
1.620870715443994969e+00
1.015356948662161640e+00
9.130386218086394834e-01
5.744843914248648487e-01
7.640244573203380796e-01
6.281534148608040047e-01
7.767639945960442827e-01
5.409962625718178764e-01
1.789830485149194739e-01
5.699844801322460075e-01
6.445085797962579743e-01
5.755129117077946166e-01
1.421326450234565275e+00
1.414680887435747714e+00
9.854263451870426405e-01
1.538415179071732641e+00
9.105964742478109830e-01
8.429815001121909734e-01
1.750470427843521914e+00
8.429549842456045550e-01
1.209376268663161363e-01
2.783791991847141545e-01
9.446301919744971576e-01
6.964213945405861583e-01
1.139372806410182015e+00
7.699157273054302308e-01
1.663531427671401275e+00
1.401043415689094962e+00
5.598254014918861987e-01
8.485563492338847880e-01
1.420080455615737147e+00
7.439352418618057072e-01
5.571956696138254950e-01
1.146349949778350252e+00
1.725343143020143133e+00
8.325812461964048339e-01
6.060300790858254016e-01
1.617266189999936099e+00
1.080330091884284194e+00
1.316596665998295501e+00
5.825230073298379718e-01
3.916670983603289247e-01
7.644209133550108337e-01
8.793779160329004974e-01
1.631232906319475262e+00
7.774417591661487714e-01
1.520859704201147578e+00
1.090487210684365493e+00
2.819757017013932998e-01
7.949778037320071045e-01
9.608967633548379794e-01
3.720566971325390826e-01
5.641240077719120727e-01
8.897225070557490678e-01
4.953680288463482295e-01
5.785891082483715087e-01
9.639325818867561235e-01
1.328450714976983082e+00
1.290435358506741625e+00
9.679992495541940301e-01
1.049369703295758960e+00
8.462944415811773924e-01
1.503376412486189473e+00
1.543472761677890048e+00
1.596282457769706120e+00
5.384679947854542625e-01
8.008043386964618371e-01
6.564563292744216572e-01
4.140953526601305335e-01
8.898849426341108870e-01
1.020953435330678172e+00
1.105077943986947364e+00
1.540768996570787142e+00
1.272397245734016247e+00
3.862373896610032942e-01
6.249261416540875524e-01
7.944438241309728088e-01
7.954787366804445536e-01
8.461935247366065838e-01
8.082066606055343660e-01
1.010163873934323497e+00
2.458611621844317696e+00
1.291855728506196899e+00
7.770332693144315073e-01
1.207932916876781615e+00
9.733478904082122352e-01
8.532412015348113110e-01
2.598495383203334175e-01
1.185916695687348366e+00
7.717792870817290485e-01
5.912152909344958740e-01
1.131973781321048644e+00
7.251977779718188355e-01
4.290679924529006151e-01
2.933682820108429734e-01
5.350735775912762726e-01
3.713679290471654237e-01
1.046724933780975419e+00
6.038535703329500626e-01
2.110199045367181725e+00
1.421278633006593850e+00
6.316872080838591419e-01
1.324237546148046452e+00
3.870692114244435600e-01
1.096245617740317702e+00
4.903856319712602274e-01
1.059282918827027853e+00
5.360499258905608855e-01
1.020826480360573107e+00
3.225617803161116015e-01
1.358005701140649224e+00
1.471184068288521996e+00
4.592234183270907377e-01
6.211646395064079895e-01
1.527436028045316530e+00
1.500419505858641811e+00
5.787105022640495200e-01
8.462589798575398392e-01
1.327915870098674622e+00
7.105041873125245155e-01
1.886550251524176325e+00
3.031122738668842742e-01
1.472820690584382586e+00
6.738405575002870407e-01
1.567213577727845752e+00
2.612217657119516812e+00
2.810174219657751715e-01
5.729929957795965034e-01
1.310286580361778475e+00
2.547458552414334498e-01
4.475614513288945218e-01
1.000444630449903949e+00
6.540142540029025842e-01
1.577284829144468770e+00
1.027991167510689419e+00
1.618440446840283098e+00
2.392449100987286137e+00
5.282399492324454382e-01
1.757041606296460667e+00
1.722961755974516063e+00
1.505250423513397440e+00
7.874665858969427390e-01
7.417971983297479976e-01
3.700939810006659836e-01
1.297897534667111330e+00
9.153412801497005091e-01
1.848052064122373661e+00
7.174336182595748568e-01
1.117975343080857220e+00
4.132171449284120501e-01
9.374373248446912221e-01
8.008726229912624950e-01
9.143428180390567039e-01
6.513130913204084882e-01
1.303284705737926430e+00
5.540868151135782682e-01
1.346533663711183548e+00
1.730723955588360008e+00
8.015184842944207411e-01
7.161395696178238790e-01
1.757810943137672943e+00
1.425790336288340399e+00
1.325501919230335002e+00
1.278448847927164511e+00
6.092456922840363553e-01
4.924859163616315261e-01
6.203120420682846081e-01
1.235482516958095633e+00
8.092934863252825295e-01
7.266412440176440724e-01
1.420064459220173436e+00
1.187408937422266053e+00
6.065996228292923620e-01
6.588838459743362463e-01
4.730376601995089358e-01
8.817597148741525004e-01
1.477742515268092749e+00
2.149325291542300231e+00
5.411002755716469714e-01
1.244315932606681496e+00
1.437109567049154490e+00
7.090519806624449028e-01
7.629758604472040018e-01
7.499148842739249421e-01
8.110816362877453223e-01
1.212880912633830466e+00
1.209268163419412456e+00
1.454468645254971770e+00
6.586071734072976858e-01
6.859883785521753152e-01
9.006282506177358815e-01
5.612536615808464413e-01
9.956984328668690987e-01
1.903668321319211543e-01
2.090496829604355788e+00
1.198050638590151040e+00
1.159248180873374778e+00
9.077443664610511664e-01
1.400118385604182336e+00
7.756119184481164996e-01
4.593562187887920145e-01
4.636809569841333634e-01
1.145908473094312985e+00
9.717370441431033568e-01
3.551401112878356803e-01
1.489688453415705105e+00
2.526417079427961676e-01
7.816382777018205941e-01
5.641560627507106185e-01
1.482142231405974231e+00
1.022485974571363920e+00
8.464111099245357206e-01
1.674322701444661332e+00
1.122527396772766473e+00
9.331158596200068711e-01
1.770928515158558092e+00
1.139554238901926642e+00
2.130234583104990698e+00
5.718640242258110629e-01
1.837085212019929026e+00
4.942411043809415427e-01
1.090959901746584748e+00
1.264970840433093491e+00
4.705144572503786593e-01
2.055791452599988745e+00
6.291355695172061724e-01
6.976368824562486637e-01
2.686257747157497766e-01
1.300670410957681655e+00
1.213955797719865615e+00
1.475675376346451628e+00
1.054762399141178086e+00
8.183420643046372955e-01
7.505953844287234222e-01
7.233445276184604644e-01
1.098842782579719790e+00
2.003776002842727610e+00
9.988565291069039231e-01
1.682004125021299590e+00
4.690275256163940476e-01
7.280337822542157777e-01
1.151254030751970525e+00
1.689453851999592304e+00
5.748854853067205672e-01
2.990108094897969138e-01
4.610696724404114155e-01
1.462879547077968301e+00
1.002450408482607136e+00
3.422270478673467231e+00
9.685846736595700168e-01
1.382857863090559025e+00
1.912526628610078383e+00
6.665546087933598152e-01
4.726084283740928926e-01
1.389699656296258024e+00
1.431150625776144159e+00
8.509558025863992459e-01
3.331401545001602682e-01
9.755705098012872334e-01
8.589280871418745189e-01
7.604121700576118581e-01
1.035955699433976474e+00
2.713897001399303566e-01
9.469110627770728206e-01
6.091828862165250547e-01
3.992100027663476602e-01
1.254424917540859497e+00
9.306634055700906405e-01
7.429253143072604981e-01
1.546161614466280199e+00
7.780155751706283596e-01
4.419513526038699180e-01
4.640021968421019771e-01
4.099824719929938688e-01
1.689532221095880304e+00
1.584386098007322552e+00
4.505614593506909182e-01
1.718126653042445273e+00
1.663148036448141021e+00
5.250459925157838770e-01
1.271224474612981270e+00
1.444869896689476185e+00
8.252425920556840655e-01
7.056929147668340452e-01
1.302529586428250896e+00
1.245901574708569104e+00
6.584199692318728481e-01
2.246791229162804493e-01
1.303692689010534089e-01
5.015235137055733539e-01
1.382629720302578580e+00
1.978277919058780032e+00
1.057072782953052403e+00
5.469317228667850417e-01
5.012279548059737078e-01
6.013101187846113804e-01
1.861553862631346590e+00
6.212375921850140648e-01
6.900365976422833114e-01
1.504571672167765772e+00
7.690750201901717098e-01
1.060664661782323215e+00
8.478964785090165046e-01
1.261776137300976153e+00
4.697372720762008069e-01
7.071845479274464497e-01
1.542928236027720557e+00
6.758106644509682681e-01
6.381336419121199643e-01
2.115762973172964578e+00
9.201658091386272220e-01
2.042234071903635262e-01
6.107780533292228586e-01
7.975137137304673107e-01
1.208593775508967516e+00
3.790535287903543660e-01
1.889041896648115504e+00
4.166988988900313662e-01
7.903264168946952939e-01
6.203739441137727795e-01
1.702804340702961827e+00
7.863230103657414816e-01
4.706710497874428967e-01
8.627008201535545373e-01
1.197501498289105681e+00
1.599105342069091273e+00
9.551218499344806823e-01
6.278472975931045363e-01
2.406909004479784175e-01
2.117863503233402778e+00
1.454020921138798883e+00
1.387982478331231784e+00
4.314911899284948893e-01
1.075986032676837123e+00
6.645274207627981378e-01
7.850929835030843185e-01
8.058391799101535247e-01
7.034128200894683713e-01
6.241105757546617783e-01
9.486902173374847091e-01
1.539181869902225275e-01
2.123070659889147116e+00
4.041775585827601658e-01
6.960296417825480031e-01
7.173537016828919199e-01
1.516940397486772341e+00
9.478781378824061576e-01
1.580847858167042208e+00
1.457649816190190517e+00
3.819174796595812826e-01
4.206813127995912560e-01
1.300281763679182134e+00
5.969006812825755626e-01
6.998885649290514932e-01
9.179668578434927451e-01
1.084080084055197402e+00
9.629637825588599487e-01
1.242712738962065355e+00
3.567049803441979527e-01
1.471500318542128039e+00
6.404100785756540182e-01
7.906301070861607716e-01
1.154003583755252249e+00
1.841937111413383565e+00
3.046803726181461780e-01
1.907668223744000802e+00
2.016277740793606998e+00
6.440691922905845690e-01
4.376425422519241160e-01
6.686854415556855447e-01
1.357307427883238660e+00
1.001898623129715782e+00
1.261402410898414539e+00
1.427879348824150352e+00
1.124147813907033111e+00
9.572644563599459477e-01
2.916360037927522297e-01
8.246070378960226321e-01
7.350981782162988587e-01
7.282729350252854505e-01
1.683547002202410603e+00
7.021080964022012871e-01
1.864719509371403516e+00
4.589043243598115440e-01
5.708984967243537767e-01
1.771838347618407195e+00
1.404097116154165770e+00
1.556795036788282127e+00
7.567711562670126346e-01
8.661614340988899041e-01
3.947734031492344808e-01
1.148666421073814448e+00
9.533444577989822477e-01
6.726385967313033287e-01
1.219834840145761712e+00
2.057821717395989403e+00
9.289009744475034136e-01
5.739562806825755370e-01
1.062977608223722115e+00
1.654452351606883420e+00
1.533047729220815336e+00
6.276313381364040378e-01
4.104932239520047155e-01
5.431523810173085609e-01
1.258429260037827735e+00
5.001633932548665840e-01
4.689149845398212224e-01
1.507325201486223065e+00
1.576507414011965480e+00
9.914560214176064701e-01
1.922582266337885315e+00
7.481912064202799195e-01
1.075510637398464198e+00
9.880763591862853357e-01
2.145917048215502998e+00
1.004171578076771487e+00
1.161430731192411470e+00
8.879018838154835169e-01
1.511019860492981648e+00
7.591315520103840697e-01
6.242508881853170433e-01
5.835795785324502383e-01
1.170424876175123252e+00
5.347911692927516114e-01
6.713369527507273560e-01
5.273026522050532350e-01
4.498720530375590609e-01
6.389081611778540948e-01
4.684608525153027836e-01
1.053768421018004720e+00
7.256938529549604722e-01
6.323248362880977691e-01
1.312114004772996223e+00
6.571816663812507509e-01
8.028873300860325246e-01
8.071826735530519548e-01
9.759538992832498261e-01
8.878495802220756072e-01
1.156445421055559031e+00
1.038336179061114972e+00
5.807647646088145432e-01
1.524942788973433272e+00
1.670236674281878608e+00
2.337661952524415554e+00
1.401803519625454797e+00
1.003117143132340683e+00
2.888845100096065766e-01
2.151889406313891140e+00
1.397677685981731477e+00
8.010496120446828350e-01
6.733799177143139358e-01
2.029290857676126159e+00
8.171444222924220124e-01
1.162635112542041327e+00
2.718808216152520441e+00
4.739861551528534722e-01
9.421657487311765333e-01
7.156812991771883681e-01
8.842880566596499348e-01
1.064279817401877271e+00
4.978678578174245972e-01
7.132309025235070710e-01
9.376484607619577361e-01
4.392663209938495461e-01
1.156253226804422773e+00
8.572893782278002694e-01
4.924863449239798019e-01
1.420171944710954870e+00
4.731478023372118202e-01
9.758524524356235741e-01
7.264146669303803705e-01
9.464533764756697387e-01
4.471072686354746750e-01
1.125890673561970257e+00
1.690164645818814648e+00
2.457568929817181225e+00
7.315279734905866249e-01
9.855663477566911634e-01
2.162157876885963947e+00
1.888357913679389988e+00
7.329474631713142063e-01
1.196593532691354600e+00
1.226698056296872785e+00
1.701461028072037696e+00
5.572574272726376066e-01
4.856654240482144447e-01
9.863347291615540691e-01
7.003410131303828834e-01
1.814098691765696714e+00
5.581269647141247070e-01
5.843942024982541339e-01
8.598478779275224859e-01
7.850318365362183304e-01
8.652975285283055484e-01
9.624404182812530406e-01
1.099093459449075105e+00
1.171741981637825780e-01
1.203429582185559843e+00
6.035398236210124390e-01
4.976100748131461193e-01
1.343792206019928770e+00
4.989050486085072067e-01
6.079813575886244825e-01
3.869487572228197947e-01
5.532685944897970387e-01
2.169313576633147278e+00
1.008255907871673740e+00
4.490694894312633467e-01
8.590510784833500502e-01
1.405534230900012282e+00
1.007819949630705203e+00
3.995549890920924718e-01
1.047013015653651236e+00
1.118207093070901159e+00
2.283539959235637351e+00
1.049336838984529452e+00
1.185014085039442389e+00
7.646644494001142434e-01
2.447733370771351780e+00
8.382604208976018878e-01
6.304681153515815373e-01
1.733423206439058895e+00
7.425920588391889954e-01
9.046529404290053478e-01
1.526375853745239208e+00
2.019192185179992938e-01
9.215660170699802034e-01
7.637684014263685928e-01
8.075451022092270392e-01
7.029387777865367948e-01
1.097920594950311024e+00
1.892431436297426828e+00
6.931728698615303719e-01
2.034109380738808426e+00
2.151253015326034301e+00
1.109794545835230073e+00
4.275452453207224668e-01
7.607471657102248264e-01
8.186953555536558014e-01
1.218359505959107469e+00
8.297132192167139264e-01
1.026889937620029558e+00
1.926474752980798844e+00
7.092847546608824771e-01
7.775441323262797244e-01
1.434296507033225865e-01
1.592359674270162229e+00
9.949394823000190513e-01
1.101383819356041682e+00
1.040834558071320082e+00
6.597864847205996419e-01
1.116513410043362686e+00
3.964862042520909680e-01
1.041372452939067550e+00
6.959582928950611702e-01
6.619810721973058421e-01
1.047317137628572148e+00
1.003861490715245885e+00
5.887264736991699721e-01
4.988734786477965200e-01
9.887228075044367515e-01
2.111664763351354335e+00
1.579512752954698840e+00
1.272398101587650210e+00
3.468634217106418838e-01
1.496699627825980317e+00
1.040612868772617272e+00
1.271032162992603354e+00
4.171666914101817003e-01
3.132758610775130403e-01
3.732973214080115287e-01
6.007298091928138239e-01
2.337789161606891319e+00
9.621040555139308559e-01
1.266779568061643158e+00
9.631707100511648356e-01
3.441626677117590183e-01
4.313843463316626714e-01
2.365085907568871271e-01
5.156178777424136328e-01
3.268714089803058664e-01
4.613844106621614594e-01
5.030429509595003568e-01
2.091589440853682369e+00
2.906870250385961141e-01
1.476196950235534544e+00
5.845647895970782493e-01
1.057223595880124378e+00
2.303040994468551261e+00
9.056812252117203421e-01
6.538026553613982550e-01
1.602409538978938564e+00
8.386526919600694185e-01
4.499987552408450941e-01
1.124825125968436312e+00
7.550669890569439158e-01
1.303897583400690063e+00
1.029994745939013967e+00
8.940887055455947197e-01
7.068438715360239044e-01
8.383799378421723514e-01
1.192905516087671813e+00
7.913019278020620995e-01
1.395194500680987382e+00
1.787579078073260552e+00
5.876204061139319590e-01
1.386446934195069369e+00
9.968681808077495266e-01
5.116777554343699963e-01
9.357728198594346125e-01
1.068676190648599755e+00
1.511136623307776539e+00
5.743082520198778962e-01
1.319997666682331428e+00
2.277865310749929151e-01
6.307512143659550485e-01
9.914769007233621423e-01
1.477358314771397563e+00
9.172340480911436167e-01
1.392393023977538391e+00
2.746219019652723858e+00
2.480866661625786840e+00
1.416231328862398886e+00
1.293317641135128593e+00
9.511097906488157339e-01
3.711017700774143502e-01
4.679353985318717712e-01
1.362895439192221003e+00
8.436351843339642276e-01
6.121045194441420145e-01
5.877791235904370470e-01
5.547059373708589369e-01
6.468454904551937945e-01
7.487683366980240063e-01
4.244329432919831668e-01
6.415563568748561263e-01
5.687298962012796721e-01
1.054195415900967436e+00
1.158723714839225094e+00
6.725142083727290165e-01
4.448354658048704335e-01
1.203925094344270974e+00
1.267713631590769330e+00
1.492208329958019997e+00
1.286429588658845047e+00
8.230215371525051449e-01
6.023528497653968250e-01
1.247012907786028801e+00
1.660390738722353987e+00
8.239832388573831157e-01
4.121512737479217647e-01
8.216694179864556524e-01
1.860937050508796986e+00
8.429418233522305570e-01
1.836920120982242222e-01
1.176067089166884738e+00
2.587751982154140595e+00
1.121865936440314293e+00
4.615170392427491164e-01
1.665511309935527873e+00
6.272221571170217835e-01
9.487458722927680776e-01
1.816139838248209681e+00
1.317248747680255461e+00
1.510307136668391781e+00
1.975213426920594539e+00
9.287655076786149877e-01
7.995578536523816338e-01
5.131866241549690733e-01
1.134800632662396280e+00
1.982880368482609068e-01
1.160958290830556461e+00
1.290401485478335664e+00
7.884112771615949811e-01
4.493607099868520693e-01
5.462252908968812104e-01
1.097919164395976921e+00
4.784462080029622255e-01
9.548905088592394286e-01
3.746474960440356883e-01
9.262650132159300220e-01
8.293745729402832723e-01
1.138943014460088055e+00
1.129689540216839427e+00
5.899206598345912989e-01
4.465313675822801809e-01
9.458669012386984321e-01
8.973813249198395736e-01
1.090726925580466133e+00
1.193769729818907166e+00
7.187092531970208364e-01
9.542321202020209725e-01
1.243349276916129398e+00
6.362295284369424708e-01
1.231452033868560836e+00
1.189756149665879725e+00
1.073024631753694669e+00
1.014634107483834313e+00
1.092084889067890918e+00
1.366111617733031469e+00
1.826778359854573264e+00
8.252897790503597175e-01
7.746872623181058071e-01
1.212496319299841474e+00
1.360208275580101711e+00
1.213732800826011760e+00
9.997796174265614066e-01
1.607246696742770542e+00
