7.695955189647066819e-01
7.345301271410619171e-01
1.047544470742763245e+00
6.742810562078920267e-01
3.308940776441869347e-01
3.148409382796858447e-01
2.967192572936502848e-01
1.650368649607961979e-01
1.570780095818995914e+00
1.674003155365058892e-01
1.630312023644672870e+00
1.104291671981423584e-01
1.433084565378052400e+00
2.066358786650957846e+00
4.542054792251103423e-01
1.849002066373310216e+00
5.165274995523185808e-01
6.189325276043937674e-01
1.505737898496453120e+00
2.225572050166971572e+00
3.056720880764107751e+00
2.034589567977295177e-01
1.806041963876541534e-01
2.291248033976744036e+00
1.066392300993917575e+00
2.807675499127379570e+00
8.956299115323058946e-02
4.866498344750828098e-01
3.135098791655273609e-01
3.655882565657440075e-01
2.183469392064498471e-01
8.838836254731151643e-01
7.274969469852330395e-01
1.365807186918290839e-01
5.149967287100609692e-01
1.464435084134724230e+00
6.797972959164088058e-01
1.045357582686512327e-01
2.077098853768135189e+00
8.304352388109541572e-01
4.140328385461362615e+00
8.939410659426970662e-01
1.326224842301351403e+00
1.329866877708466011e-01
8.007965168119960397e-01
6.011885053753722730e-01
1.338043400172677921e-01
2.259048702545816134e+00
2.735445734116743743e-01
4.269207858324627902e-01
3.458266569459020889e-01
9.962875478538257834e-02
3.581731870411201113e-01
5.276299930580630182e-02
2.124444112566169496e-01
9.515043682306348893e-01
5.981072233924583648e-01
6.297112359394978487e-01
2.733593806101803025e+00
1.241693632782484347e+00
1.909258169027536534e+00
5.617370156283783000e-01
7.684146969681368011e-01
6.978557684628827751e-02
3.896391744982404259e-01
3.158868354960486236e-01
1.498533933056347689e-01
9.210652515381179128e-02
1.623773944950446801e-01
1.237348218245827303e+00
1.453762671854329724e+00
1.382977581291982283e-01
7.842133076398659641e-01
4.084204176981726803e-02
3.122615664261673807e+00
2.901149078699842287e-01
7.092274474172435283e-01
1.765571650875378484e+00
1.381573168626989458e-02
1.922699601260323465e+00
1.220457141329160944e+00
1.735890479842814083e+00
3.365456404059985474e+00
3.866160123879732735e-01
9.980682231239178248e-02
1.628488253328157276e+00
1.806854609559057412e+00
1.780456868156922445e-01
8.397696428389400669e-01
5.523450904349348489e-01
3.320695908668683943e-02
6.660548276979923188e-02
1.426932147546080776e+00
5.977123324190771747e-01
1.465026003711947133e+00
1.701304993873143045e+00
9.092878596426433591e-01
1.593605555591991907e+00
2.344426089390813317e+00
2.434267225013460934e+00
4.525823869033094859e-01
2.349057571987685500e-01
7.125346277596968925e-01
1.697232357451432527e+00
2.113951379906005568e-01
5.171791626888613824e-02
3.545251070519950698e+00
8.165201842351896833e-01
4.853561056128059548e-01
5.484511384798719247e-01
4.530281003157616837e-01
2.189794022997603451e-01
2.258010079167503403e-01
1.304027601512892653e+00
1.719018783001641015e+00
2.238496978414399319e-01
1.094015182137660469e+00
7.995257733329880212e-01
7.629718596499718286e-01
5.718836176714530151e-01
4.983960204586922460e-01
1.666108475713455328e-01
2.789683888223951636e-01
1.683928135760705436e+00
1.332306332154682416e+00
4.581531878576199923e-01
3.395372390289863596e-01
2.099209821116096442e-01
8.909384878877429914e-01
2.396563802816546462e-01
6.267836805006649081e-01
4.004042429424629623e-01
1.625961225151326461e+00
2.215873264148534860e-01
2.911258363299388252e-01
8.808047874138118516e-01
1.238361198100671468e+00
2.108440758121513381e-01
1.443943867426946914e+00
7.583686748065943117e-01
2.308791313075857055e+00
1.520771607380521917e-01
5.756577921609671300e-01
1.524974438200634719e-01
5.093526430077475187e-01
1.995350198588878021e-01
4.363129896390177120e-01
2.754874573001642180e-01
4.103502555525738726e-01
6.581863359554697146e-01
5.843757959057963580e-01
1.666166540509661231e-01
8.114623379849420504e-01
7.572835830474433649e-02
1.115197389563864050e+00
6.103627491462856325e-01
4.098187857720375638e-02
6.330529327442804277e-01
2.749700987832089272e+00
5.944489659351411825e-01
1.570419652179917858e+00
3.425529021777139471e-01
1.414515215780588031e+00
1.728416100034908254e-01
2.324243973320160528e+00
3.617562616559307775e-01
1.035443703707669971e-01
1.072272808089891755e-01
4.326695629567612333e-01
8.540496192058169012e-01
1.084453770337255429e+00
8.389564664723576648e-01
1.087824788625601169e+00
1.416321841260315129e-01
3.539390209017998501e-01
2.608548854083999835e+00
7.660876898531860935e-01
2.977112300453041094e+00
5.440545411751875893e-01
3.180816767954545154e-01
1.253053449114136741e+00
3.684237931632611956e-02
6.805431263904260231e-01
3.623798766281253192e-01
3.471799296588469197e+00
2.779968740632202895e+00
2.782520048655820144e+00
2.930230234003911582e-01
3.154887114499091982e+00
1.837900185864907998e-01
3.158368067456598816e+00
1.200503489891438846e+00
5.916816277033950522e-01
1.501516742365681667e-01
9.624646346282293985e-01
3.957048706659469506e-01
1.333842376949355701e+00
8.611525903252070790e-01
7.570578017279054606e-02
1.620775689204729142e+00
2.017057591438103925e-01
4.427857441596873556e-01
1.006830548916813894e+00
1.395288900068720306e+00
6.092874655972393860e+00
6.769382419374171400e-01
1.450344286621122469e+00
8.222331894869243651e-01
1.581859982827940492e+00
2.916643287143021457e-01
4.357000775843115070e-01
1.378107353344353525e+00
1.970466824943833295e+00
7.558752505857868620e-01
1.590914247470346099e-01
1.566207871539993635e+00
4.428311156157021533e-01
2.139448086776357449e+00
1.297725416828527045e+00
2.220623798350297440e-01
1.644393918349925654e+00
5.465533091511745045e-01
3.650587159164593309e-01
8.085784299998345359e-01
1.966836837769221913e-01
6.227313161446500211e-02
2.004907189167236314e+00
1.474804520465088142e+00
2.537175938339200076e+00
1.583067774317689747e+00
3.749872742128190772e-01
3.300229953180781051e-01
9.701993889530097226e-01
8.474095153613393494e-01
1.324083455897046846e-01
2.127555033156873221e-01
2.617010169512610229e+00
2.494744384873034626e+00
9.112110208045409721e-01
2.786628313589525341e+00
3.225968356019936145e+00
1.065283762981984905e+00
5.682939237778529273e-01
3.447280275166666463e-01
1.270443615661659198e+00
5.532796414054074186e-01
5.724342081584903319e-01
5.873906258856474993e-01
2.125181004066564849e+00
2.120143716289727420e-01
1.463590895858520646e+00
3.784103078907112283e-01
1.270733291545048216e+00
2.022921063784686613e+00
3.478774751294196332e-01
1.322239356542540545e+00
5.739831063429108315e-01
4.863358461882586248e+00
1.438485449518007719e+00
3.706638489350776666e+00
8.486559144542206168e-01
3.974581822794801544e-01
6.134624434182097685e-01
3.204011539284414845e-01
9.395251029417724942e-01
4.305571193320832379e-01
8.191956571095236617e-02
6.732353836138640912e-02
3.178203537902175857e-02
1.231902111013587708e+00
9.463880973242717598e-01
1.722340129459119185e+00
1.881345318609618289e+00
4.811591040118334828e-01
3.585043371527309120e+00
1.493057084926075750e-01
3.853469422790049004e-01
3.797445489768531690e-01
1.939208084524797482e-01
1.737074144644456863e+00
2.093531146731339110e+00
9.000873754495071211e-01
1.835105847601646301e-01
7.270214502452368999e-01
8.244407208302081402e-01
6.691507360461477205e-01
1.417157536598438794e+00
2.486063253093646203e-02
2.710923074148197456e-02
3.229229515853194177e-01
2.342971301559521047e-01
1.916572740043327727e-01
2.199139569610158329e+00
8.572370294523441459e-01
9.448684156140832457e-02
4.778414912762177780e-01
1.952452565059932255e+00
3.826469730357569543e-01
1.256563235022690073e+00
1.657701777832030432e+00
1.991399942001407464e+00
3.979147516448297561e-01
6.290078387548115879e-01
8.389085435849075179e-01
7.736984827150308330e-01
1.254122988283802975e+00
3.479266944869641720e-01
7.198274768583208250e-01
6.263946812712580664e-03
2.492890869026370471e+00
1.252014644075465144e+00
6.095213784609286867e-01
1.130197840503104123e+00
5.728642974311907166e-01
1.413584464617183289e-01
1.595102894280428396e+00
3.312897304178117480e-02
5.313573534725151148e-01
2.709277880205678724e+00
8.208377985173785918e-01
1.005161582974237966e+00
1.015763228436795895e+00
6.426060074058603799e-01
3.085741704128716623e-01
6.055642989048838631e-02
6.954592687635962056e-01
3.279758982017464408e+00
1.069250664613563967e-01
7.643949780124671411e-01
8.979918528199878347e-01
5.176741421501730223e+00
7.560280315777555549e-01
1.131027748937968730e-01
3.557959315519110710e+00
2.050138900177979895e-01
1.576349541001222931e-01
1.635666338779668827e-01
1.258228600959151455e+00
6.986477564316292410e-01
1.085495887772634921e-01
1.656081042415805116e-01
8.584488742400139261e-01
2.904603816182625975e-01
1.211112322790214524e+00
1.882614490356275816e-01
5.346793320998681764e-01
8.350361893730191831e-02
9.499698129475651551e-03
1.393745547317396749e+00
3.406776219308134124e-01
3.473814841615342486e-01
1.985807200872780731e+00
4.106723540334799583e-01
1.193200479105683165e+00
3.541692735939592773e-01
3.535158184815661908e+00
2.113002505050480886e-02
1.910480113954160064e+00
1.949707999498369870e-01
2.313157436930539101e-01
2.337324709147298174e-01
9.949901676338545053e-01
6.773920983537321527e-01
2.567861076824066835e+00
1.442594840073205820e-01
2.463511646802495347e-01
4.517564556964646094e-01
1.740514237352698945e+00
6.683857171101574846e-01
4.070779797701557512e-01
3.080812520292203205e-01
1.060180072012130575e-01
1.635562253056270232e-01
1.878080192242717050e+00
1.032282025926067742e-01
8.656353529576280570e-01
2.155754869098864060e-02
1.514759297647547243e+00
3.881444472863614797e-02
5.318223159731681748e-02
4.820756602611587782e-01
2.563843056393126929e+00
3.146422019957979987e+00
6.082288489807391452e-01
2.459806131703293985e+00
1.803278698023750737e+00
8.301117403995565691e-02
1.325433328957654477e-01
1.073261534984588872e+00
3.619788284816128909e-01
1.766989015395087570e+00
6.039397786301938659e-02
1.550165709252826762e-01
1.461939781005719419e-01
7.836999388129266553e-01
1.103597332185406232e+00
1.942680971912418009e-01
7.383723483391255726e-01
1.884263146675459188e-01
4.053544758892804051e-02
4.033136682323456013e-01
5.363873000119214751e-01
3.092919790482490328e+00
1.419914446713671063e+00
9.319326450956466612e-01
2.535795891540903124e+00
5.123623500814283166e-02
3.552410447754288103e-02
4.058956197616739869e-01
8.929661420759321677e-01
1.958707510672806629e-01
1.301149609016167386e+00
1.016317956354239493e+00
7.143280473408040177e-01
1.144387904264984268e+00
3.307809892371915694e+00
1.601854182703819962e+00
7.078792968934422003e-01
6.599997992810819891e-01
8.454897004710389963e-01
1.455824445952977608e-01
3.908136335080895085e-01
6.064996036555022479e-02
1.818136514554982819e+00
1.242268313560421333e+00
8.415610701581299757e-01
2.120434881606924893e-01
2.089624184275667318e+00
1.640750766944894856e+00
7.405995148542635631e-01
6.257192995401631430e-01
1.728672305406344645e+00
1.164771986112604241e+00
9.051935378159504664e-01
4.611596820676543196e+00
1.205766669484334752e+00
1.921499165613253096e-02
4.599591653531164837e-01
3.544399542030177153e-01
2.252118908434052269e+00
1.193349497279431182e+00
6.450963166062129162e-01
4.179956607107848665e-01
6.277860389890282944e-01
1.191760906724471880e+00
1.623997946095234512e+00
2.818254451475585842e-01
4.721409112195369406e-01
6.652378915272735282e-01
1.066257968288256031e+00
4.173703924417910271e-01
1.784177878039630918e-02
2.107974272361002044e-01
5.102098044696871115e-01
2.713676186296130610e-01
5.931699307983398839e+00
3.001219769731135134e+00
1.578040998197859812e+00
4.266046106517496495e-01
9.443142743850022613e-01
4.327985601505447977e-01
3.506480676507357508e+00
1.067135182102503521e-01
1.411126369197048369e+00
1.390199052911101241e+00
4.383569577230927439e-01
4.452426649016056892e+00
9.012555064044996955e-01
1.799351103329503987e+00
4.928179455908121009e-01
4.174537625032849752e-01
9.450192419724182669e-01
2.627667002631913995e+00
9.199286291167467766e-01
9.071122967986363639e-01
8.427388931853737608e-01
1.996897345496562171e-01
1.991285718407804328e+00
4.092106810840690834e+00
1.451911988378557783e-01
9.478053909994317294e-01
9.916953928954203024e-01
6.782661332068375959e-01
2.680370662018978223e-01
1.266102593336464466e-01
1.819405143192018404e+00
6.799071521618067493e-01
1.180533889367360700e+00
8.147275517603069783e-01
6.815791880353896937e-02
9.450186392293546955e-01
6.372300988922645348e-02
1.121304484414771541e-01
1.114704319974223923e+00
1.750704922726563195e+00
2.921940054784422092e+00
5.176902803762638283e-02
7.722140862296531516e-01
1.135624084909479858e+00
2.022554412374430732e-01
2.652794521248141635e+00
3.142856425145871407e-02
2.243598280502124620e+00
4.474469303989790925e-01
4.917920086513716260e-01
1.125855339953497181e+00
2.448090037813681341e-01
1.014064953248004164e+00
8.906845995240334490e-01
1.435760221332455511e-01
7.668589638389596008e-02
2.372459433764169123e+00
1.577228369479686698e+00
1.082310802649757708e-01
1.393394788695237752e-01
2.195000861751448262e+00
1.414635624991047225e+00
1.485336882989068741e+00
3.131373550720824017e+00
2.215370626748338623e+00
6.913168804360145248e-02
1.985299067475057924e-03
5.155307687299055114e-02
4.631274667818677138e+00
4.437532769558690249e-01
2.285524856645457792e+00
7.170608403314446821e-01
2.552505890126270938e+00
8.462347688994504846e-01
4.385374516523823374e-01
3.199886507250432333e-02
1.163016971335483069e-01
3.078198173778585289e+00
1.833062096603692348e+00
1.203895037146182068e+00
1.193613334290743594e-01
4.011399767072258982e-01
1.669049637486933468e+00
1.746149882286096355e+00
1.508887658415063449e+00
1.054301532923907159e+00
1.167318943357989802e+00
4.852085929441548595e-01
1.138922133675574599e+00
2.178175012648532860e+00
5.474745054828384916e-01
7.186947547426151273e-01
2.895009963360977573e-02
9.475706566096987471e-01
8.302030029415379264e-01
1.899221787931235195e+00
8.059473244266236458e-01
1.373509178298671030e+00
2.030579303078476616e-02
1.106790529287891678e+00
9.243323360118345100e-01
6.770185185398885919e-01
3.321455579346868636e-01
4.283823575306591053e-02
6.343617054916472764e-01
2.352629418700178832e+00
1.958855636408899925e-01
2.499091384570494845e-01
3.050245057791247216e+00
1.712977629243638278e-01
3.034833743634289815e-01
3.535250960226102301e-01
6.235156788187690147e-01
1.734961399937589466e+00
2.320266486390544003e+00
6.067569154231117201e-01
1.396806803275951747e+00
1.688998050132671791e-01
9.657094132710437595e-01
4.793647095690139470e-01
1.376152798208519212e-01
5.869648438441520399e-01
1.698328414739099235e-01
1.624301637229428108e+00
1.855750133776626676e+00
3.530073685901537139e+00
1.096169212473854904e+00
9.275661911757110412e-01
5.710586606936494947e-02
7.056424593358757713e-01
4.783075997601098917e-01
4.518025780214444787e+00
1.746347103465883288e+00
1.427961139152014391e+00
8.342484474937571504e-01
1.399743041606302141e+00
5.503796783411063487e-01
1.998700731337560432e+00
5.806499906605118166e-01
5.212282332975425730e-02
1.837987483825990198e+00
1.331654888911623980e+00
1.061150416674980917e-01
2.607545842016945614e-01
1.093001688274157328e-02
3.350701733194633714e-01
1.245854953365062717e-01
8.002711985245404280e-01
1.429725987408710264e+00
2.333849139946357343e-01
1.647606947272245437e+00
2.275573544982981422e-01
2.157818107049896406e-01
6.231671226350599113e-01
9.460566144286455259e-01
9.059241756924137912e-01
2.820942847357481298e-02
5.370930479760281928e-01
2.312036975842988618e+00
1.436722593030998613e-02
9.594562132681444533e-01
3.642292934975813190e-01
1.402289716759637983e+00
1.224339069436058969e+00
7.180192937687913668e-01
1.195640487982238431e+00
3.476768262377920027e-01
6.954097555107863204e-02
2.446023392191252477e-01
2.338887667620177080e+00
1.549618290946576556e-02
5.973015749162066124e-01
2.938540179708302169e-01
4.573073988458059569e-01
5.279796058646437640e-01
1.340746232866403487e+00
2.844529465076926084e-02
1.274565268910327759e-02
1.597009530231322971e+00
2.631390561298114772e-01
2.416693976221346019e-01
1.968407293698736238e+00
8.745950905667654318e-01
4.745390443310812389e-02
4.875275880522408345e-01
1.392330127333907708e+00
9.321297123477534363e-01
1.806718654325095041e+00
1.707654358286737173e+00
3.913801918074815700e-01
1.585904476109724071e-01
2.852651149182166557e-01
2.156031089681209600e-01
8.341215618993302883e-01
1.941446761353983821e-02
4.552893178723929957e+00
1.115910993827401443e+00
4.168490471130265052e-01
2.919078481256908164e-01
1.393806153368070122e+00
6.695830091545934559e-01
2.181161313716341255e+00
3.301871463431689802e-01
1.341152273694182773e+00
1.307306142293803930e+00
4.780090616216924326e-01
5.504597084494878834e-01
1.013022370446862302e-01
2.075496064442079458e-01
2.557942425044030799e-01
7.340199134107754375e-01
1.348031725573437978e+00
1.971662044959781923e+00
4.102725027180855744e-01
5.863308549010594062e-01
2.617180738055906009e+00
3.674710119981496881e-01
3.283780899125299246e-01
9.840109241029372233e-01
8.646970042204871199e-01
4.268897211825845028e-01
1.971194335453813951e+00
5.544381850324349159e-01
3.721325973727987790e+00
3.619172993396149618e+00
1.866670838387420039e-01
1.898265846768286691e-01
1.881659201713401508e+00
6.082751503036717189e+00
2.069487189881191735e-01
5.534327610652620133e-02
1.913028064979889753e-01
1.216838156618387679e+00
7.833408004518204182e-01
7.425021820281644258e-01
7.065493723817642957e-01
3.108565870739346537e-01
3.130153198008258197e+00
3.527343665902998304e-01
2.432220360310492768e-01
3.978822964659232575e+00
1.560984828062044416e+00
1.146638400375207034e+00
1.650154811657268961e-01
2.055113274958870750e+00
1.021276068319928010e+00
1.717334268440772416e+00
7.545999849170099694e-01
6.381658477619660541e-01
3.880373984013125721e-01
4.349564370661049284e-01
3.921062997827603702e+00
1.818195775685341520e+00
8.540330952222892069e-01
8.229550609050357846e-01
2.591477201832101951e+00
2.831148711756791836e-01
3.670441497581304890e-01
7.784816592436510918e-02
6.963887614727088948e-01
1.544754661693266140e+00
7.675489144719827017e-02
4.433911512748252570e-01
3.974359362742952428e-01
2.408703260797656967e-02
2.260927729425150190e+00
1.692073134346540275e+00
3.349310424934520691e-01
1.670128882929280412e-01
1.000677762830358475e+00
1.331230680377185394e+00
5.242855543481569208e-02
2.951175958644547404e-01
2.552459330510572499e+00
1.113956035738172146e+00
5.622368476882565469e-01
9.918175419487850197e-01
1.789885140228153926e+00
3.167269584463208165e+00
6.320346894424729856e-01
3.160261634719015333e+00
5.207727259023601896e+00
3.729652783846960640e-01
4.808727826582774312e-01
1.113603505907583058e+00
3.784488035751433221e-01
2.711576542477872609e-01
1.223833044294078271e-01
1.108412722151460583e+00
5.976120852791640958e-01
1.888145652761399340e-01
1.101199497655878989e+00
3.608348341530988712e+00
4.275994179664676764e+00
9.985792274926449386e-01
4.278672084240133344e+00
6.769260003707858742e-01
1.071452860100317039e+00
2.272208517834932273e+00
3.086669090665404180e+00
7.155093250780127923e-01
4.948188824235038030e-01
1.361746371411169387e-01
1.387440512477611465e+00
8.190282090134722026e-02
1.542117324649173449e-01
3.245249787446004008e-01
3.763138249772793320e-01
1.236590287907113339e+00
2.996243978693267918e-02
7.403212597624184710e-01
2.744209515698454283e+00
4.350725776426626612e-01
4.705001529241747971e-01
2.531085800334579972e+00
6.366152783368951296e-01
5.198637157259261565e-01
5.993426274033580858e-01
1.562836264654123009e-01
1.515088544381581581e+00
3.147882059211922212e-01
1.985605402176149337e+00
6.267697048990850117e-01
1.460543571244083516e+00
1.757401090384663744e+00
4.726081168596271004e-02
5.997762931513240803e-01
3.107855433454937533e+00
7.414131371240885449e-02
4.390067708205244168e-01
2.393574333199776749e+00
5.950409204050267631e-01
1.584419200535145178e+00
3.004055957034150737e+00
1.762857023928471045e-01
3.179155123214611134e+00
6.781467934804646935e-01
2.091688218267757082e-01
3.609339522358155916e-01
1.373371352609371043e-01
1.065654771861345301e-01
1.234479004836389233e-02
8.671720800959464848e-02
3.812563822979221917e-01
3.291212442519076409e-01
2.299528504144306429e-01
1.320379573836607312e+00
1.533275441721425603e+00
2.976462456108874832e-01
4.483390940734687247e-01
4.431790205928922144e-01
1.564781141872764403e+00
1.171228982760501136e+00
6.848689602929777798e-02
2.708508416205852587e+00
3.804007617886351333e+00
7.212024520249744608e-01
2.248073529476010801e+00
1.530777941985697277e+00
1.319780889920247058e-01
3.007302033814374664e-01
1.158428454580377576e+00
1.115206481049826337e+00
6.649692371882027775e-01
5.492158934657284663e-02
1.306598785200470569e+00
1.090800904272871907e+00
1.642569730208624845e+00
4.473943312200138855e+00
3.493116777260190098e-01
1.004127358603513764e+00
4.498468290835002104e-01
7.161264350190615913e-02
1.674422019678847295e-01
1.535901796373831507e+00
9.608493849667951725e-01
4.260892566080530242e-01
1.463955449348942617e+00
2.148763676156019820e+00
3.234413692912828653e-01
2.177632411152209180e+00
9.453781312786302404e-01
7.052720920149051498e-01
3.381040161971279184e-02
1.807031917051553194e+00
1.101751251547254257e-01
3.901202968188526299e-01
7.272050982462895385e-01
1.569151096827126057e+00
3.564460710277844502e+00
2.914533313225119993e-01
2.146161294533316666e-01
7.844772884598141260e-01
4.508278864002984720e-01
1.526901180948277092e+00
1.791694855028304501e+00
8.813078925544629572e-01
1.873372300040182514e+00
6.790757263088317841e-02
5.638336172856749373e-01
1.144707614550741909e-01
3.849569740699075870e-01
1.226652443403320802e+00
9.019452952119798583e-01
3.698702575587592967e-01
8.023350956663284350e-01
3.548033842492386014e-02
3.561899724781673604e-01
2.136354066184718903e+00
1.163623379114890194e-01
1.764133576336996079e+00
1.494849899579950181e+00
9.324323547752787489e-01
1.889412450657969589e-01
6.569840259529112769e-01
7.667750546019698465e-02
1.380063673282402315e-01
9.058765603166231140e-01
1.365005713251633557e+00
3.530198308192948886e-01
1.464171345264704716e+00
2.330245518370393398e+00
4.358327348438097992e-01
9.480413101247476826e-01
1.662060353885349007e-01
2.013683651324033597e-01
7.552460279785323527e-01
1.479065312348013528e+00
4.732851810900587375e-01
1.187720085913104073e+00
6.579018203914241969e-01
8.363448102904198489e-01
1.268548856511700240e+00
3.561192425441583875e-01
8.903548921418000250e-02
1.687423407347369730e+00
3.114437213862343956e+00
6.608483449976187973e-01
4.266251047316207412e+00
1.710381999342125203e+00
5.399700500386259705e-01
6.172898518859347705e-01
3.258982378765435950e+00
5.263168244473483970e-01
5.322171889348469298e-01
3.265379719025121030e-01
8.639037328779423097e-01
1.774720334642102826e-01
4.085267884198978683e-01
1.479761036372771787e+00
1.739695584728873978e+00
7.390827414689782326e-01
5.631447905916399099e-01
1.387930870888340884e+00
1.158009725362775105e-01
6.172039208773207053e-02
4.008402182670925407e-01
1.613353233764075467e+00
2.219973886787677486e+00
7.751458177299830332e-01
1.101365290355695636e+00
3.139203435968048600e-02
3.310480519183359727e-01
6.984158359850533015e-01
1.040706103076697531e+00
1.044716475957699675e+00
3.636233112519052235e-01
8.543842130942638780e-02
4.093447191121943329e-01
4.483593806176167651e-01
2.932454127983563988e-02
6.308995399706266438e-01
7.208268182788517553e-01
1.659113336567985819e-01
2.191482696886466019e+00
1.932190405545289869e+00
3.775079845907239329e-01
2.502506691826251739e+00
3.969613339880430636e-01
1.758827851346859150e-01
4.483218021411352061e-01
1.352681531588762587e+00
9.730091992815685931e-01
2.366808388854288125e+00
2.014794441281434256e+00
1.482703696986012454e-01
6.237044076402730175e-01
1.110886982264787104e+00
1.310365237273872330e+00
1.418897607842251718e+00
1.587999787953947584e-01
8.912596380441699662e-01
1.542253601444453448e+00
3.814209379010599754e+00
6.263449323755145015e-02
1.629449107960038168e+00
5.265180443253366510e-02
2.522630906339325740e+00
2.371261773941188089e+00
2.095491623230356371e-01
3.020254065450999614e-01
1.438340380714812738e+00
4.950812910685323254e-01
2.372837456481904361e+00
1.906944102870911095e+00
4.764242111729577456e-01
5.414585025992870726e-01
1.129500089372360350e+00
8.674098838119984611e-01
1.723629363223162070e+00
1.325949822819269208e+00
1.420555996779030161e-01
1.120072221140630653e+00
2.527661872141135468e+00
1.931825141817731684e+00
9.741563913146833453e-01
6.067187436207086559e-01
4.337361806912122808e-01
6.865402663432179642e-01
1.345470079060153423e-01
5.440022479669738287e-01
3.073818045278221778e+00
4.867606014159069350e-01
2.176078124481065412e+00
1.045258729608315562e+00
7.099254556081904255e-01
3.432280077455959408e-03
6.371472260693011869e-01
5.930602745253781283e-01
3.451492618072195262e-02
1.586302976367926221e-01
4.874648822388464309e-01
9.493067577476319019e-02
7.003695255830468813e-01
8.553778273197588655e-01
1.413691837830497455e+00
1.315115238005323262e-01
3.715115477740653649e-01
2.028084423895145427e+00
1.134647730117236630e+00
1.829550469356676867e+00
4.239887233832728697e-01
1.612575116289214794e+00
6.853270290350166327e-02
1.266499554121685023e+00
