3.838277176938786894e-01
1.696104290765093836e+00
1.505819089413648504e+00
1.189015836404232029e+00
2.026729875264267289e+00
1.436358496741490187e+00
1.371573481195486721e+00
4.410092602625411695e-01
6.939441502186894928e-01
4.147297542442716645e-01
3.499901658059302312e-01
1.719065313047792642e+00
7.653304040258586127e-01
5.866552884932335621e-01
1.254488011362876687e+00
1.498662876472466321e-01
9.350605643406377787e-01
6.811550729910094137e-01
1.049407295056806966e+00
3.650198518248294888e-01
1.196150262936997333e+00
1.777320004889020533e+00
1.146803113460602264e+00
1.569315441742719974e+00
7.000710929620921341e-01
1.137876499939132424e+00
8.111925953134818679e-02
5.982182414903436385e-01
1.794696429549683003e+00
6.471364203321675612e-01
2.449414396416295936e-01
6.747666295872258857e-01
1.446043208129962343e-01
2.636952371917217874e+00
9.494427032543004130e-02
2.365913800512448595e-01
1.690893163016745415e+00
4.756945336134279501e-01
1.525140442229664162e+00
7.694966886977104847e-01
3.898902567500711625e-01
1.267203787992368547e+00
1.613725409736010086e+00
2.213176551822045313e-01
8.261712937787752953e-01
1.664176221289738855e+00
1.380386720152389612e+00
1.784087962670622307e+00
1.027242099409471088e+00
2.078870971719334326e-01
2.707537435330542586e-01
4.724296623682461838e-01
4.860652228994724600e-01
4.424697757774110896e-01
1.349914149153046417e+00
7.507923068342704509e-01
3.797917297512324319e-01
1.773447347098919602e+00
3.430739822074211354e-01
8.520317101438614760e-01
5.951204097198030674e-01
8.157575241628959306e-01
6.106255884826021774e-01
1.340123944650201571e+00
2.708781768241310117e-01
2.291312195149231012e-01
6.151843171353829076e-01
1.646439858136318657e+00
4.408315690796904551e-01
1.403482450400648673e+00
3.261807678153297863e-01
3.479680147709479088e-01
5.640228868018787312e-01
9.447889428575537707e-01
1.483350728687414577e+00
7.889075886602159304e-01
2.673918712051644997e-01
9.687150673851148142e-01
2.296152137509411162e+00
1.526712495651180612e+00
1.933167717265219521e-01
4.001230402511358197e-01
1.460134401844304985e+00
4.787355007758363756e-01
8.033615747008919783e-01
2.732783042849797894e-01
2.358824554813943042e+00
1.175007452007613695e+00
3.344549524822814091e-01
2.562503380173943301e-01
2.592558040602848557e+00
6.671262498038073030e-01
3.892816473379634434e-01
1.513042142340438323e-01
4.959504374327076137e-01
1.030465330450623274e+00
1.253229539414937088e+00
2.208877888841078163e-01
3.591057193650376567e-01
8.256428705258201939e-01
7.789551429450823905e-01
1.511619628352040001e+00
2.207219835044742506e+00
3.047330671447225914e-01
6.106737325731652621e-01
8.526130493550580780e-02
1.570295797106143976e+00
2.843852985551197143e+00
1.281202104307736178e+00
1.056985942235651343e+00
6.260336467689571194e-01
3.080219843183236161e-01
8.280933317542210625e-01
3.481387802356392225e+00
3.306964211239075691e-01
4.027580985278479964e-01
6.602177440959786647e-01
2.105758417689330919e+00
1.697062673231815477e+00
1.563446760495441901e-01
1.546222681109044705e+00
3.816492661098230599e+00
6.744922560193569172e-01
4.255074474092523373e-01
6.503330486157035129e-01
4.322957470965564930e-01
3.688050232867132183e-01
2.097657421930483324e+00
8.685857200975450887e-01
1.100805247834413469e+00
1.601797053056577047e+00
1.271762072420986323e-01
9.725518687704290399e-02
3.429751168546920082e-01
1.647873482865681360e+00
1.919542569135808396e-01
7.387028646312912006e-01
6.376743738698662511e-01
8.201239715649900897e-02
1.469217719031009617e+00
9.284683037532469596e-01
4.974523576145843951e-01
3.989397420560617524e-01
1.408425401809840105e+00
1.750054219752363194e+00
1.142785634909163850e+00
1.625931119534191893e+00
1.716004774283124701e-01
2.966310837180831106e-01
9.907861346534569957e-01
1.922926524907140555e+00
3.923298648609973571e-01
4.717385748226202158e-01
4.976067547713527439e-01
8.436727796148251191e-01
9.858085268721960004e-01
1.134932477404339557e-01
7.709521426036110014e-01
8.905928050331575196e-01
8.320039291783971613e-01
1.025255152861792585e+00
2.739695748706092449e-01
1.477938419149555038e+00
5.935698343897592988e-01
4.188036945386653942e-01
3.262712912407636168e+00
1.924558484454103269e+00
2.443639585261797809e+00
1.626289922129330101e+00
1.535267531988106615e+00
2.949581143205510236e-01
9.700604608172180843e-01
5.154871767971216379e-01
3.008301148110004708e-01
1.295175504035510849e+00
1.271486256996227915e-01
5.945081822931881643e-02
1.339962379691011840e+00
1.012014213332002477e+00
7.548709549056134005e-01
1.266509904230646466e+00
8.286929067812413008e-01
1.556311102691116055e+00
1.823175529472070844e-01
1.121537134545449899e+00
1.027283913097261081e+00
1.320669677587420709e+00
1.959800892036081821e-01
2.330070190548653830e+00
5.600546474988639112e-01
2.522682364140202083e+00
1.130123881335681091e+00
1.993961953691739453e+00
6.973425811135952612e-01
2.360301593922623731e+00
3.908667418594183318e-01
8.408101660663328536e-01
1.426898912282247300e+00
3.624575005593133614e-01
5.473464291416945127e-01
1.848218541247182545e+00
2.426909900999049796e+00
1.111367435548512139e+00
3.305748763590731443e+00
2.814854374553983352e+00
1.955484831081992780e+00
2.338365268017221776e+00
1.777624755594773731e+00
1.950071544236053889e+00
6.668337639595738331e-01
2.754462933578117334e-01
4.387064872998439058e-01
2.610616730773876348e+00
1.421910705656599161e+00
3.733478348875558517e-01
1.494302456447569316e-01
5.922843687555707781e-01
3.681451706972258542e-01
1.155560739381847057e-01
8.958854111350834648e-01
3.765012187624708906e-01
1.279694360683109933e+00
7.115084516597315334e-01
8.281209171493765231e-01
2.603295544499029668e-01
2.517821739510021084e-01
6.300992167326222582e-01
8.087521930212409060e-01
9.426062885134515179e-01
2.208634522246214760e-01
1.601080377599780336e-01
1.494240898931375572e+00
1.958990892824433727e-01
1.577448129789540132e-01
1.667287154121826154e+00
1.666834699403444198e+00
2.449295976503417904e+00
1.507176454196251514e-01
1.440160430887056808e+00
1.617376812451726931e+00
5.267394039195552047e-01
6.652237577988204809e-01
2.053174328075386412e-01
8.404633900416318415e-01
1.192249624904376359e+00
9.873120356025972821e-01
1.959930162950212162e+00
1.391215468213776452e-01
5.885106793895900079e-01
1.001070750219499317e+00
1.688764660513563332e+00
1.195899631344891967e+00
1.437840673934120739e+00
1.111473392495629486e+00
1.175997754262072093e+00
1.405369318519239741e+00
1.592248984147891733e+00
5.367292568505752648e-01
2.984623989186276916e-01
1.518218938283284025e+00
6.259276347902922311e-01
7.080791577446040597e-01
1.486114013535450473e+00
2.030691863236310013e+00
7.445973852664276027e-01
2.257348478823061999e+00
7.616655741673057367e-01
9.356193126091028045e-01
1.395853020862791283e+00
6.805858502445876201e-01
2.240693065302589382e+00
3.627823615528419365e-01
3.790207232465114817e-01
1.835461807147846569e+00
1.243473874629264841e+00
2.014031331229854116e-01
7.035561363701239301e-01
6.601809248108048145e-01
6.558007920548304392e-01
5.034325821773406873e-02
7.778127851838875229e-01
8.327346654142036009e-01
2.622417281412668943e-01
2.179706285056927095e-01
1.755037175287504025e+00
1.109925016493592542e+00
7.686993471469958372e-01
3.235050682808379152e-01
1.224997826820445779e+00
1.491835230301430837e+00
3.164703455625148987e+00
6.173159831451211499e-01
7.704555731801219221e-01
6.795979456866894086e-01
1.967670473689516752e-01
4.097407644275060656e-01
2.286971835377385798e+00
5.663830391276036824e-01
6.387844319038840091e-01
5.473542734226675144e-01
2.162868389872444619e-01
1.820905274011349162e+00
5.811542245689901298e-01
8.250801801102337907e-02
1.640260437153695516e-01
1.984705150705527110e+00
6.475156758929165868e-01
2.840755969406954851e+00
1.559451103057445387e+00
8.408399567096496163e-01
9.421734412299864747e-01
3.962992622707329771e-01
3.872405662737735677e-01
2.277151761866186008e-01
1.801268127581212575e+00
2.311130520747975425e-01
1.856522083893192843e+00
2.375627924041364469e+00
7.671874452124907151e-01
1.531762871172204887e+00
5.934472257503626835e-01
4.710800708248906732e-01
2.835488164565616032e-01
3.476793989137393126e+00
5.198908520886902362e-01
7.926244635268258065e-01
6.276338749927976579e-01
1.006018331421459244e+00
2.112006837202810572e-01
8.702046547513851982e-01
1.390330992797044640e+00
1.173356170964529266e+00
2.005749853173941943e+00
1.114219642486774298e+00
5.397708358007968776e-01
8.360745733094777643e-01
5.785146546455184335e-01
1.511224636366333307e+00
1.224324725499204986e-01
7.242974225731854121e-01
3.794483663259978212e-01
1.447595385420546998e+00
5.995758106952556732e-01
1.526126949434419622e+00
4.833740405762759762e-01
1.926338221809881512e-01
8.027230400949751932e-01
9.965550041752391230e-01
1.667755036521481049e-01
1.357864779127324839e+00
8.823806446361291689e-02
1.043512348728490080e+00
9.221392270300732275e-02
2.032967515962940119e+00
3.770597356111208831e-01
1.407642930830855343e+00
1.339743730624318063e+00
1.179002128220893564e+00
2.389586131756852083e+00
4.187119376290543982e-01
1.917863690719900260e+00
5.222985768015280250e-01
1.172648978469385872e+00
1.440855262330726694e+00
6.529427959356364219e-01
2.906474782305037419e+00
4.757413329626136722e-01
2.989156285484658060e+00
1.677716138666303092e+00
1.439849459249820995e+00
1.772627119621635883e+00
1.201061959803605861e+00
1.899701647151243789e+00
2.041887707993555345e+00
6.104064603508172482e-01
5.437846780929536106e-01
2.857622257710058733e+00
9.335420150817029805e-01
5.347417202562537719e-01
4.594886477479413478e-01
1.950798372163348393e+00
1.325353300529024336e+00
7.698345584093979621e-02
2.763479637354506191e-01
8.176177722805100245e-01
3.665563015209192255e-01
1.427859485608472312e+00
2.012490553470667631e+00
2.715918537796699894e-01
6.295062367676129700e-01
2.814624631492267381e-01
2.199420774419758473e+00
1.464519822919874148e+00
1.867348384775681935e-01
8.190480594644086176e-01
6.533045650588108488e-01
3.664391709192502122e-01
6.215307795588405071e-01
2.411818495111262006e+00
7.517155622756608313e-01
2.192415960823393961e-01
1.114539464038898808e+00
6.137890145892244131e-01
1.444165503956845453e-01
4.563520181959380140e-01
7.028464843706809795e-01
2.364693977392954283e-01
1.195430465981752288e+00
1.609010735670846959e+00
4.055591030559101418e-01
9.401986682081890923e-01
1.189381801316852227e+00
1.769082308356650479e+00
8.687139130685391786e-01
9.634448217194417907e-01
5.941773829469586543e-01
6.056464123547607992e-01
4.474757349122697181e-01
4.005808041308257517e-01
1.180040427682373050e+00
7.022358358104096032e-01
3.540354186482521093e-01
1.658043577652491773e+00
5.374934121237942009e-01
4.694514766901335956e-01
3.868158025219837204e-01
1.555379126844430804e+00
7.848058022228755481e-01
4.923154972511855076e-01
9.316488821715118718e-01
7.190274397015362640e-01
2.198770888048714234e+00
1.682936967305888931e+00
9.488943083451817362e-01
1.183474992182232288e+00
6.283771359012437774e-01
7.182782768755984204e-01
1.395183037720188812e+00
1.382231559626865836e-01
1.033485422795231923e+00
1.414643568931441608e+00
3.476685101945548029e-01
6.730012132787449586e-01
4.791558620139784175e-01
3.803376278398114541e-01
1.177220054349699396e-01
6.159408321631543171e-01
1.400556013331797356e+00
2.358554857513170067e+00
1.022089128510896838e+00
9.493745399545883146e-01
1.609322940139089830e+00
1.603443914848091234e+00
5.639724228051010702e-01
1.368693617253404105e+00
6.729444835658753288e-01
1.932796773630473641e+00
6.060429126955435564e-01
1.081676027344335100e+00
8.330088256150698367e-01
4.333389425623950242e-01
6.034475353668777853e-01
1.827679125886887856e+00
1.216304314185795876e+00
6.798801246138569399e-01
2.207035140909887339e-01
1.446861759843723894e+00
1.168774571878875568e+00
9.878149858451479304e-02
9.222303523133248415e-01
6.276267387726699454e-01
5.252203536189099520e-01
6.826661303375066714e-01
9.641066376138830440e-01
7.614776308330049870e-02
7.947023900212529801e-01
6.425766714392953105e-01
8.488980957965303054e-01
3.340982338036388444e-01
3.277466665246212552e-01
4.543453008142203653e-01
1.395464245746489862e+00
5.733768995253059053e-01
4.094740300830086444e-01
1.787539303410773384e+00
5.105991696383863632e-01
3.257198447240380323e-01
8.907818226893523539e-01
1.389483734734406895e+00
7.442984658471396564e-01
9.643397783863014161e-02
1.194841915160372414e+00
1.220777981751431485e+00
5.094804255735206899e-01
4.264305517527757772e-01
2.730356179863188792e+00
5.456197358475062265e-01
1.330564478138630324e+00
4.490869106394902444e-01
6.342188020021743977e-01
8.689969374898487420e-02
1.316648556836629846e-01
4.017997482592143843e-01
8.430843625369622840e-01
2.776807143723552529e-01
9.749125581095213766e-01
6.361078372897195354e-01
1.110619483781015715e+00
1.699075842932264102e+00
2.450418922992086690e-01
1.153690708455057612e+00
2.783482399834590892e-01
1.417427029968317820e+00
2.628895491249774174e+00
1.165329738749694422e-01
1.475184417094057288e-01
8.401874485390727065e-02
1.387810667054178326e+00
4.540469857381889796e+00
1.547798678527451122e+00
2.511535426412444538e-01
9.717713920658868076e-01
1.108013942630648313e-01
7.289538700481887901e-01
1.542360115729944359e-01
1.727549129677611872e-01
6.548325305386331063e-01
4.710049250445675351e-01
2.803933825818673009e-01
4.523394663863333776e-01
1.113363335184345049e+00
1.042164658651500986e+00
1.182123561733328998e+00
3.935874975313763402e-01
2.104685144650103812e+00
2.463132894144807183e-01
3.623318026088480637e-01
5.838631228323513112e-01
6.848689427060314916e-01
2.883286717534453980e-01
5.694621125963723607e-01
2.886949039821557594e+00
5.461260376366123825e-01
1.872173494991298037e+00
5.048325832293865112e-01
1.547961851539669587e+00
8.078090428208273277e-02
5.144538750528639959e-01
5.970327409965129339e-01
7.612274560169296489e-01
6.920754405914618657e-01
1.083192217697155346e+00
2.705898375560423563e+00
5.603714254474374545e-01
1.135124694635548215e+00
1.321209751634416785e+00
2.564701879068138068e-01
3.293496589136682973e-01
1.346909464696825487e-01
2.335534929891370570e+00
1.632646969176042795e+00
8.445002140647208666e-01
9.657460208937974633e-01
2.910233512393298749e-01
8.008581565531681656e-01
2.596268420846441050e+00
1.018497126278847587e+00
1.348232460028474078e+00
3.647115977937849252e+00
2.710992332486378831e-01
2.161351616190239522e+00
5.238305121216346727e-01
1.155204337065261821e+00
8.737744683248143129e-01
2.911728147510612263e+00
1.329314275821300795e+00
5.446537777511406553e-01
5.384326750697736308e-02
1.090549080504703783e+00
2.616676416118411286e+00
1.313837792722293507e+00
8.362606048435978767e-01
2.526187776597223600e+00
4.086942668382945731e-01
8.893904352616029962e-01
3.905795310327029868e-01
7.965644877578464955e-01
5.097451503495015190e-01
2.933972189486932503e-01
9.101697314649782877e-02
1.317904446720099543e+00
8.354737916299755929e-01
2.449801090144666293e+00
1.472650885891178651e+00
9.779998810543479026e-02
3.910970973541611606e+00
2.891255147834224659e-01
1.425622318117907961e+00
2.998712490696389676e-01
5.849788802452736691e-01
1.113702486248779877e+00
8.161435017633818234e-02
4.049968630804153258e-01
1.530776086384148860e+00
1.811992605074132401e+00
4.867728306934191451e-01
3.585986133337741855e-01
1.128169838458279672e+00
2.520908780426848739e-01
1.096297898980582275e+00
1.178232230098666733e+00
6.102621979816932329e-01
2.716117394180054490e+00
4.415649757895757865e+00
1.869716894177526345e-01
6.259872586619417145e-01
7.374098239712757463e-01
1.227317065554631714e+00
2.446768337297399842e+00
3.738185101781454023e+00
2.956576903290421665e+00
1.461750233555128564e-01
2.203528602973092276e+00
5.139369570941634269e-01
7.684203446915216507e-01
3.673974074087812403e-01
4.633599610911037225e-01
1.114275759648347686e-01
7.290427978125748609e-01
4.491725125521318640e-01
8.822355408758285611e-01
9.400587196599223816e-01
5.779248414090658592e-01
1.494218063270004837e+00
6.018613858653283355e-01
5.578690050763384090e-01
1.208582247248974229e+00
8.485528586100119508e-01
8.924421385991472278e-01
1.082806524830588923e+00
5.219461667915350489e-01
1.665988711951578605e+00
1.043304124844590230e+00
1.476743340035595042e-01
7.130875289545600682e-01
5.949051100769784384e-01
5.642525077610611728e-01
3.539338445952447398e-01
1.366287045458478788e+00
1.711946553966197770e+00
5.158313473748642464e-01
2.945777603679349821e-01
3.036468354221461219e+00
1.109667199274336630e-01
1.140423914128040894e-01
1.322658972987865278e+00
1.798422920413005555e+00
1.227533983357027791e+00
2.030379579223539288e+00
1.966132655826324127e+00
1.558229371722177348e+00
6.891629627429252114e-01
9.684334491945919554e-01
1.784927961476169833e-01
8.888801508793654771e-02
4.405477587059336564e-01
1.754790948632520831e-01
6.603282697113441735e-01
2.984392840672640546e-01
1.222404383613495016e+00
1.197490471166726023e+00
1.941358828171627360e-01
4.322559319280021017e-01
7.108505678338609135e-01
1.733711253971268906e+00
1.043984057591575976e+00
2.850771790844058851e-01
5.503851380723687736e-01
1.689605162203274002e-01
1.875027605205788761e-01
3.390846263690777462e+00
2.643917276567671060e+00
8.340219454107558050e-01
5.004378142320615730e-01
1.012492122703791742e+00
8.721773848631414472e-01
1.396632327950955599e+00
9.187709269442263516e-01
1.945198109853746860e-01
5.923981351822340535e-01
6.906354125465159477e-01
3.474780879011753476e-01
3.208934352009237129e-02
1.313796358810028098e+00
2.857877232936605338e-01
1.577931891942624176e+00
7.202242169207226929e-01
7.567028068269852081e-01
1.246773676543799780e+00
1.947140709403734071e-01
2.463436314593183685e+00
1.283682525210892988e+00
1.511854850486667790e+00
1.038120372999014052e+00
8.565012493699591944e-01
3.032577661930471180e-01
9.120365228195561613e-01
2.317780527854444994e-01
2.143393099114351497e+00
1.239375344675216706e+00
2.400747856234386912e+00
5.925830343733501371e-01
1.389888277220992840e+00
2.435272667287957382e-01
7.178576794788360527e-01
5.324131786927904786e-01
5.643462077190471160e-03
8.821169421836665414e-01
4.847462208541367112e-01
2.157093754715791789e+00
1.327403079053696588e+00
1.040550610916384677e+00
1.325003619889246531e+00
1.385325400663829809e+00
5.170836143370358684e-01
1.891947008058693314e+00
1.135043610382235224e+00
3.622238005310862707e-01
8.549812180846499965e-01
6.773217552761027216e-01
2.234595623966751710e+00
1.447006443043704182e+00
5.310820690844061387e-01
2.799610431873314487e-01
4.401655784517085612e-01
1.819377147472700962e+00
2.364033328322437733e+00
9.329183489270795882e-01
1.325545298079356393e-01
2.326324171289456455e+00
1.147099094275198850e+00
6.696687279778867907e-01
6.205752831240062273e-01
7.929282175068477212e-01
7.481216939252084419e-01
5.215848748725802064e-01
6.693677832124277360e-01
6.077430902934698453e-01
2.876815537907014830e-01
6.555788709540095738e-01
2.543007661546537790e+00
4.037294261856844702e-01
6.808242890409379466e-01
1.050591130083133651e+00
1.112642958651334668e+00
6.571150650507500135e-01
6.372827396556507429e-01
1.871358002222311301e+00
1.857911667327596938e-01
7.221199569772119853e-01
2.366588886950876880e+00
4.751222109123607318e-01
1.676366987001934206e+00
1.594686031009077576e+00
7.096760571558794473e-01
1.540317795216084584e-01
7.621749741366964370e-01
3.887127976664398465e-01
7.188916065125402488e-01
1.121737989336269170e-01
3.272883929437129247e-01
8.631329279964334855e-01
2.688060604356025673e-01
1.099730813181219125e+00
1.513671870448698886e+00
8.931991199265283399e-01
1.167766370021063593e-01
2.602445650284920475e+00
4.928369440886208874e-01
2.632637275375451225e+00
4.284001722732180273e-01
5.986311181794559122e-01
8.304641479582344221e-01
3.515278569330174463e+00
1.647083781572608707e+00
7.941427849531819128e-01
1.610920583730781619e+00
2.535636345708689898e+00
9.856995462302822197e-01
1.702782368182548689e+00
1.585240005473307068e-01
9.851846693441482783e-01
3.391281472994706614e-01
1.497245315455771664e+00
6.049623663716837685e-01
5.976151962446523136e-01
1.130923532068361492e+00
1.711720268501923381e-02
9.350049761023654371e-01
4.828248574068284560e-01
3.508785378750753914e-01
2.659980936418313013e-01
3.086688430242401915e-01
8.667352936126404561e-01
9.670500573988470572e-02
1.312412614993408111e+00
9.651020608608634754e-02
3.499974486510000204e-01
2.286852137845246880e+00
1.634516954399883037e-01
8.099285967930099917e-01
1.090869503216937320e+00
1.411194011558558170e+00
3.471221430687845722e+00
1.362814894676750432e+00
1.177576484214405639e+00
3.761556796792983048e-01
4.927574853158965595e+00
7.705483879460613972e-01
3.101239502580411811e-01
5.958850665594032092e-01
4.318678927990383443e+00
9.994929749880896441e-01
1.743103198600705950e+00
1.716328055421125320e+00
8.489224686909326023e-02
3.912508534863772258e-01
6.844232509068990389e-01
1.125396034409870349e+00
1.280302686377924548e+00
4.917206041760169288e-01
2.516730027432648953e+00
3.705725389464495922e-01
3.239253810333191375e-01
1.135472922806656682e+00
8.294989661697436123e-01
3.170380707315200386e+00
1.984351964595470807e+00
3.245192927240185821e-01
8.707101720235885800e-01
5.953328697367646916e-01
1.533753907054084653e+00
1.419045589465997848e-01
4.671735817149244574e-01
6.207022112881057652e-01
8.549033425075563963e-01
9.157355126673654144e-01
1.265158795221238419e-01
3.802540402542925468e-01
6.821365378793058376e-01
1.072926786878318106e+00
2.599436131232762959e-01
2.122993015217067014e-01
1.186395802989443471e+00
6.034656147285801797e-01
1.019908230074977329e+00
5.291615237153821649e-01
1.002539983283011971e+00
5.606825641221169221e-01
1.311577001636143214e+00
7.604543412267510405e-01
1.479507882627726367e+00
3.101344863768276117e-01
1.278083368167331813e+00
1.764361231188716239e+00
1.174909188402994076e+00
2.410491057858682673e+00
7.889070447688240062e-01
1.595017137361174120e+00
5.756438410119066318e-02
4.409515921044787068e-01
8.861979048394731384e-01
6.971571500073502348e-01
1.628051070732216665e+00
8.180464839115414444e-01
6.902314428178193406e-01
1.479519891908847029e+00
1.990510257012255035e+00
1.878046097835011641e-01
4.435900267952180842e-01
2.905058851885903778e-02
1.126287118327940595e+00
5.841897302321898133e-02
5.576526892113541356e-01
2.480878884043617116e+00
1.106734104612921321e+00
1.297574383729412029e+00
7.289489990094474292e-01
4.855093142986874000e+00
7.461321584191928924e-01
1.084434434674498848e-01
2.247848870162068469e+00
1.104963352911702890e+00
6.141941634308809572e-01
4.756071350714705659e-01
1.087451451594369400e+00
5.662061062090272268e-01
1.080256844190720322e+00
3.894419954251543969e-01
2.272715007626096018e+00
2.205238019639565117e+00
1.350717098293032992e+00
1.015860840423857159e+00
2.658030632852233399e+00
4.930643156025835694e-01
1.229656721594316160e+00
3.612930145750439803e-01
1.003951112743273200e+00
9.171770864961645842e-01
2.395569003402422403e+00
7.168803654625172106e-01
9.032868639095382735e-01
8.447598851663308539e-02
5.856910527348294787e-02
2.499396150715351261e+00
1.044301789060278374e+00
1.133807842803296939e+00
9.469468113309053026e-01
1.992056828837229343e+00
2.285635691840764427e-01
1.109433282670435172e+00
2.992106716751537498e-01
8.659235996197636176e-01
4.351912756432960161e-01
2.087203626457330596e+00
1.982349321260862274e+00
5.112097073471233433e-01
1.764209561646312707e+00
4.880059908111213929e-01
4.315050138545758474e-01
4.485805818689582725e-01
5.003683712480014867e-01
4.776544798548919557e-01
6.354669943846741331e-01
5.004527205083676433e-01
1.115993361815618368e+00
2.407649008767342558e+00
2.889978840606156396e+00
5.877446050498358332e-02
5.082715475160645147e-01
7.838684233674024782e-01
8.237328010915478949e-01
1.922690226038882733e+00
2.672602726362253711e-01
7.102733839098492874e-01
3.142552689690024659e-01
3.855765403466435703e+00
4.224770828868362749e-01
3.789134901675682565e-01
3.874894211954494350e-01
3.508661513881525806e-01
5.287754622513505254e-01
2.194813080536452965e+00
1.235038853611762022e+00
7.997962053229807911e-01
3.013991855834113665e+00
9.257363016901321018e-01
2.776974957086061568e+00
3.442357891719566076e+00
1.353619324254707657e+00
6.475017557326430140e-01
3.210397783490976931e-01
5.973080206733414332e-01
6.110590683230465725e-01
6.999846353343023297e-01
9.178303544581590812e-01
1.171900517933940566e+00
1.017816205221972581e+00
6.243915749115014346e-01
1.051512757125841802e+00
1.609592026494133243e+00
2.398375981326787532e+00
3.421838890790505516e+00
6.309724572800456954e-01
4.683644967637534684e-01
4.027153329839598395e-01
1.358405251451484830e+00
1.472444711592693356e-01
9.747008334736519952e-01
7.387954730061286890e-01
5.085080683494533904e-01
4.308833358328816310e-01
6.872548374086062672e-01
1.152045951345120223e+00
5.495465281822266013e-01
2.828078515101691615e+00
1.252103881929424789e+00
7.810912445137341287e-02
3.630042456240261117e-01
3.541711680014058561e-01
5.318779381171202525e-01
1.062304808109506782e+00
1.725770929830331646e+00
1.773064053073089230e+00
1.919317902088521821e+00
1.298908065793831224e+00
6.000835322560895690e-01
1.307768575294526725e+00
1.528354145086694871e+00
4.658697165393447248e-01
