1.202339911951060270e+00
7.724949506939812194e-01
9.379460486398586427e-01
6.246428756201546362e-01
1.008736029989015570e+00
1.046434512859296673e+00
8.634884614381973522e-01
1.198587789100318046e+00
9.922652891474595949e-01
1.099299376334407441e+00
7.946371371201677025e-01
9.921042126344171708e-01
1.401488879215396555e+00
1.308592543640586081e+00
8.465158859758297183e-01
5.470126920142067695e-01
8.061015199378512852e-01
1.265617392817380837e+00
1.046821396382750846e+00
8.331335808679206645e-01
1.009693988557697875e+00
1.354851587226964416e+00
9.790304569785885924e-01
8.622105196844338515e-01
1.258850120354379154e+00
8.796450108133605506e-01
1.018357075624102936e+00
1.100126662216195150e+00
1.169204509575441753e+00
9.591440431561336633e-01
8.663399334989954070e-01
1.017129891598043789e+00
8.046595395421051178e-01
1.453623994806242159e+00
1.085950537179560582e+00
1.129632407216396572e+00
1.184872249892945373e+00
1.281567363450988095e+00
1.164360174709907048e+00
1.145272170509157528e+00
1.040447819348582215e+00
9.003938356707231749e-01
1.058706294395497238e+00
8.586582022353744792e-01
1.083383795574970554e+00
8.207543186025803017e-01
1.107620101020638348e+00
7.715325351268828014e-01
1.083212513352817652e+00
1.065450911915309939e+00
9.489550211289699000e-01
8.116974732820958494e-01
8.808212966055932736e-01
1.355930604080352930e+00
7.302055383334955518e-01
9.523103967226393962e-01
9.894541016720415083e-01
1.381744108445554176e+00
8.283329373643788518e-01
1.252681409024789971e+00
1.151778948957006499e+00
9.586739920908965429e-01
8.905292884974060907e-01
1.001969275905814971e+00
7.669937215619381243e-01
9.835771883604047527e-01
9.542614821488847321e-01
1.205597943369578484e+00
1.123790774645674784e+00
1.039433583084415469e+00
8.789662710328960404e-01
8.773768709765246143e-01
1.048898573000822232e+00
8.263799557860577183e-01
1.125149883039487264e+00
1.203252041766542657e+00
9.989359318801956933e-01
7.907884655962408305e-01
1.105030830030756750e+00
1.232134284799249802e+00
7.835628211331138182e-01
8.898501890919592316e-01
8.479161024053053497e-01
9.244952888549424763e-01
8.315981195938745296e-01
9.332960549303687126e-01
8.701916585368885126e-01
9.948430717595342365e-01
9.864580797796738132e-01
6.579917498734282333e-01
1.049859876404665826e+00
1.121029343325470995e+00
1.121204328051954580e+00
8.380332865596281655e-01
9.679443218136279947e-01
6.532254032143147704e-01
1.045657141002153567e+00
8.197884727872750688e-01
1.079383776271031881e+00
1.127077832426051751e+00
1.103222405284078222e+00
1.153546671192706041e+00
7.894005324587141104e-01
9.122204338168490301e-01
1.393987578713854703e+00
9.873688101184698862e-01
8.259296429636813208e-01
1.085877370465949232e+00
1.131282247917275274e+00
5.659392087709569363e-01
1.022204981025522263e+00
8.547534672595196170e-01
9.096075176724482958e-01
7.128768442463010446e-01
7.875812767706309447e-01
7.084152485031979252e-01
1.326654091752618392e+00
1.109588636572820697e+00
7.480028486469170179e-01
1.372842320390424753e+00
9.801580927968683854e-01
9.587107434722711430e-01
8.413816540607553796e-01
8.670704195663997416e-01
8.244937614655626357e-01
1.285514136198099067e+00
9.633867877614088471e-01
7.311006045644176110e-01
9.257728487530892947e-01
1.271220294171140797e+00
9.987732811333756011e-01
1.097052434054530234e+00
8.845587614436065671e-01
1.005300817018547122e+00
1.344065098273127257e+00
1.117964816123446781e+00
1.140628391809065612e+00
9.108288352469181559e-01
8.206926720927787411e-01
8.816849467461356227e-01
9.437737052526106174e-01
8.602399202010804213e-01
7.733190675840672101e-01
9.500319629631253093e-01
5.634059746239842292e-01
7.028218210011250022e-01
1.096403394259705344e+00
6.534581061992074114e-01
1.053362841887498735e+00
1.036828497206100375e+00
7.876575945522115152e-01
6.761441574378668218e-01
1.140692240011581315e+00
8.751005549757676638e-01
7.178000852851647018e-01
8.500347957700521428e-01
1.172149310097854391e+00
1.243857405880782308e+00
1.250197944473671496e+00
1.011835331706057328e+00
9.360913179512700966e-01
5.323588898027832306e-01
8.858303913002036900e-01
8.098285525532732398e-01
7.532807265669480001e-01
9.237373780260249578e-01
6.972046825946874860e-01
1.268877620991743838e+00
1.076945733299673913e+00
9.853814403497668239e-01
1.137906426700818097e+00
8.856021122110433463e-01
1.311852999901546690e+00
9.981446730129517331e-01
9.423675066145562607e-01
1.040320594032333901e+00
1.031054760602882592e+00
9.127065446944875315e-01
7.166468109435571998e-01
9.917168935763875925e-01
1.207080877036549538e+00
7.986989485156167357e-01
1.026122345344848696e+00
1.084989913680903140e+00
9.895926774129233383e-01
1.113442214816035003e+00
1.126853963069585074e+00
7.550145641302309363e-01
8.908915870598217435e-01
1.223927562538042801e+00
7.209068082308783820e-01
9.088087229449666182e-01
9.546620848828770711e-01
7.514645445023561132e-01
1.093980309608722834e+00
1.070252737228980955e+00
1.167251903599928475e+00
8.846512463998015274e-01
8.856964791286398020e-01
8.806966473239864479e-01
1.272413179340713407e+00
8.453412801349848849e-01
9.892995815179921326e-01
1.176731404033143802e+00
1.161401962549613032e+00
1.192151500273848308e+00
1.030162446975467105e+00
8.999110626090821574e-01
1.149522413645820418e+00
1.101629659108297243e+00
1.026111334172091327e+00
1.188393770317583531e+00
9.246002850902487191e-01
1.126186187430856966e+00
1.325241837114211396e+00
9.678788021336778291e-01
8.715395951920797968e-01
1.145719571218048349e+00
1.001954458478166998e+00
9.987576444290490185e-01
8.467351417186765872e-01
8.622953735639931061e-01
9.061146568072347973e-01
1.253636710334719240e+00
9.192879128399448208e-01
1.001058898609704206e+00
1.083877943782386222e+00
9.677869354288863857e-01
1.366936535967395283e+00
1.015920677198992816e+00
8.069020784393410306e-01
8.310782118880080116e-01
1.084503814471333927e+00
9.484905060754003081e-01
7.408129145178081743e-01
9.756938554616644277e-01
1.002495937898999490e+00
1.175426515194258226e+00
1.024019808406118281e+00
9.306011016860539220e-01
1.040492083135167833e+00
1.318660872579000998e+00
5.107340141267602274e-01
1.276011879435248630e+00
1.080122502833540388e+00
1.134138817817802680e+00
9.112837541460001578e-01
5.867983634616671385e-01
7.869301450775404438e-01
8.889940768814554861e-01
1.549093419692139095e+00
9.591270436629459883e-01
7.983199908789480048e-01
1.186320437636964042e+00
7.275666926663132417e-01
8.391337391065964990e-01
1.195291257301801302e+00
1.016809552649126092e+00
9.697216815014395586e-01
1.458820769696958175e+00
9.864841093871641320e-01
1.150779218000813620e+00
8.566545099127108598e-01
1.032720138491528994e+00
1.119263928072818048e+00
1.122721081032042045e+00
7.938294370376863807e-01
1.123083645687229959e+00
7.794042809540784322e-01
9.210454978898335865e-01
9.073378464651226105e-01
9.968636690782294307e-01
7.257684572177156568e-01
7.791763353596405928e-01
1.355231510943048168e+00
7.423674723560916844e-01
1.083433863653016971e+00
9.942094615191791052e-01
1.053340687492539507e+00
7.085866255141348713e-01
1.225724868093199804e+00
6.615637430755954007e-01
9.274666160141736837e-01
1.150282509290749822e+00
9.350151126772433541e-01
9.143602272982674917e-01
1.022001989449136117e+00
1.072767996879534280e+00
6.618084282648833971e-01
1.071593365296229505e+00
9.346391168329017951e-01
1.048168304997784128e+00
1.155404473001340415e+00
1.073946498853245668e+00
1.115568130761335652e+00
9.504028349720561319e-01
1.176103861582886712e+00
1.073876300023926644e+00
9.249856609565995091e-01
9.786593134122901771e-01
7.992572390060699306e-01
1.086436667714507198e+00
9.810523714391033989e-01
1.086607260478115178e+00
7.454255747769042983e-01
8.649395371391898069e-01
1.121126565382841722e+00
9.928617902131409156e-01
1.084997572170099511e+00
1.364751334059151056e+00
8.304501569806717054e-01
1.058000651852285978e+00
1.135412061069772660e+00
1.117778843481491924e+00
1.061623991918675403e+00
9.267739665214151934e-01
1.217873200068780859e+00
6.412325647106855708e-01
1.138140573986772930e+00
8.825309740491612542e-01
8.725284023622081886e-01
1.210259580995514117e+00
9.913620032703811535e-01
1.134413570776262148e+00
1.336338504337943656e+00
7.595031277686487003e-01
9.200282729161791684e-01
1.069807359939914715e+00
1.106844882194593760e+00
1.253717265994179098e+00
7.986925285657635598e-01
1.044531169898747613e+00
7.036748239743056965e-01
8.730259406816709422e-01
1.148613949449192928e+00
7.945722807713796465e-01
1.119563914829253326e+00
9.170409317332969268e-01
7.507848324192296641e-01
8.189526311420021187e-01
9.158449826058236987e-01
8.965947614641114338e-01
8.554568045300443568e-01
1.248574813619905521e+00
9.920420437471286768e-01
1.018777736440621418e+00
8.067547841883586646e-01
1.136522039787262850e+00
9.795342796475100533e-01
1.148863882733268005e+00
8.705778307166029961e-01
1.251188829694111160e+00
1.170350707056662332e+00
7.815355196258509940e-01
1.311728888525128811e+00
1.015717458892974712e+00
1.174821036252837070e+00
1.100204421644433328e+00
9.376553149342881088e-01
1.093040302814239473e+00
1.114703183360430838e+00
1.152922132804063526e+00
9.153181329470722050e-01
1.337094416013645537e+00
9.720365908104813268e-01
1.019571960634800822e+00
9.717939640131292300e-01
9.244747594608305752e-01
1.130316033863310698e+00
8.926567279431403268e-01
8.519204465435887830e-01
6.980041194128382420e-01
1.083894390729879698e+00
1.280048046918570881e+00
8.161568558220686498e-01
9.058186344345843244e-01
8.482655438079131915e-01
7.948851044663974852e-01
1.249361204174277651e+00
8.304858873587814827e-01
1.413435176807223748e+00
1.050219748291865152e+00
1.280612402861968979e+00
1.140418481189766187e+00
9.560354405498583397e-01
1.003176720469991734e+00
9.416518622292781027e-01
9.283310442307012300e-01
9.346352526463729271e-01
7.407376493241810689e-01
7.187429865585108768e-01
8.749863826690876811e-01
1.172196969513698894e+00
1.112079209514386102e+00
6.971119552869577962e-01
7.032480265524139185e-01
1.216152920265380244e+00
1.009605544376122488e+00
1.060584318121065905e+00
1.284824821841483056e+00
7.504134668163137123e-01
8.342440440117050438e-01
1.243290520171854263e+00
1.062619023523507122e+00
9.058735410611691297e-01
1.101369622019914507e+00
1.117813444858043681e+00
6.338202422107749312e-01
7.951765625395079695e-01
8.656836878133864488e-01
1.018429149632722908e+00
1.198667733380598399e+00
9.331117867807450228e-01
1.110234135040376158e+00
8.066738082558478906e-01
9.205178713968994453e-01
1.087463740789087918e+00
1.510381639737446768e+00
1.497249287093255221e+00
1.298303100385987729e+00
8.619647768347835637e-01
7.647922084793389308e-01
6.069403345970545427e-01
1.014075380255523795e+00
9.352046840224820246e-01
7.824378018754710729e-01
1.162295922538399529e+00
9.294922245281351803e-01
1.150898075907007323e+00
8.761199965401520462e-01
1.064827057015083733e+00
1.037261071032213211e+00
1.733771616841347729e+00
9.100719911336517809e-01
9.447347000102530590e-01
8.902748705554530684e-01
1.075497487613044978e+00
1.136176783214477792e+00
9.559681223445264386e-01
1.083477419185640001e+00
1.110794561613670517e+00
1.040748425446044845e+00
9.357851538131563007e-01
9.431193415106094990e-01
1.233521450605269187e+00
1.086439252745373008e+00
1.015479022888797100e+00
7.163853859431124071e-01
9.714041406340966356e-01
1.264246855364073774e+00
1.080886469949275064e+00
7.094788211810377776e-01
1.088088834003755778e+00
9.004963232173722743e-01
1.052133004645435133e+00
1.368843776328988238e+00
1.284984918092887618e+00
7.963365225421917826e-01
1.148263266211262401e+00
1.108323899684265701e+00
9.610680151360267987e-01
1.110025180281647428e+00
1.086960053884079569e+00
1.212619158428705823e+00
1.526110734896034549e+00
1.062448796759354330e+00
1.099435480896365336e+00
1.379941101916414503e+00
8.907997547375380298e-01
8.639178534681817290e-01
8.146647704883757113e-01
6.681205734145300168e-01
8.805646442259710271e-01
8.429928666582737762e-01
1.340998803439387155e+00
7.890186467164584938e-01
1.086286962795345312e+00
7.088172811154320740e-01
9.112438666500474183e-01
7.801109096915082031e-01
1.013666562097196522e+00
1.154841927119905298e+00
1.042033428596522260e+00
8.725277217303010202e-01
9.917440626858767816e-01
1.006827731776396506e+00
1.050861922534885640e+00
1.101465087873850779e+00
8.046341653130698601e-01
1.101076105486493040e+00
5.890079297093675503e-01
1.352052300656065853e+00
8.578757326266632788e-01
9.252666096789133876e-01
8.100231154989182558e-01
1.265009300397280656e+00
1.006286512931000798e+00
7.610724342053002411e-01
1.025857154881456790e+00
1.217013644112403092e+00
8.555976104530134130e-01
8.758936000393573451e-01
8.684979121426898985e-01
1.236050922083568704e+00
7.806132620030434843e-01
1.179228233402038084e+00
8.775232353719564227e-01
1.011743947145720801e+00
9.422764423750942253e-01
9.386204008227149176e-01
9.635752144489586613e-01
8.181275239983388792e-01
1.082153508875041137e+00
1.132239591692569824e+00
1.153049239247149638e+00
8.642373150914639535e-01
1.096874012888008787e+00
8.731372693782335492e-01
9.427233854525055579e-01
1.167338063055187725e+00
1.324012183827133260e+00
9.706986705120030923e-01
9.790197214060407660e-01
1.084215726062395913e+00
1.138686320327952251e+00
1.102123152464236755e+00
7.622451508748552262e-01
1.046459043188006532e+00
1.008649311093267276e+00
1.088721837831772676e+00
8.532101320887697238e-01
1.124231627787628973e+00
1.103224769017036699e+00
7.800734162932633220e-01
1.266047907285905438e+00
8.543495291349185727e-01
7.967208208156731919e-01
9.477164517627063578e-01
1.161351464554037927e+00
1.074623592148309159e+00
1.038860284219521812e+00
9.249559349796581120e-01
9.607574079493687025e-01
1.180022238970118487e+00
1.048595581149467604e+00
8.160355865813814225e-01
8.107588128045706277e-01
1.014227221766292431e+00
1.090319006482028508e+00
1.197355564445474529e+00
1.331748329253984675e+00
6.332582864909399589e-01
1.458574764169399129e+00
1.008064835932704684e+00
9.464622966937555892e-01
9.444378516723557215e-01
9.138944362857506221e-01
8.205332469801345230e-01
1.085725741667964428e+00
1.087882859303055394e+00
9.300990609365377138e-01
7.766428462356629314e-01
9.695975607401494667e-01
8.266386248045591856e-01
1.021533777396132159e+00
9.802087488375217372e-01
8.730716449669195800e-01
1.062588757883388801e+00
1.051273214030226999e+00
1.304444768795098408e+00
8.520960898341688461e-01
9.920494345236223754e-01
8.681220870201993289e-01
9.765607508118163693e-01
1.026863788780493003e+00
8.311773940708212516e-01
9.121159781734644589e-01
1.107016717226888103e+00
1.077507139975273587e+00
8.255672249970735788e-01
1.076842757096111658e+00
1.414254797518867734e+00
1.062052581481239377e+00
8.732263813417617815e-01
1.025009926852007647e+00
1.078005577556596206e+00
1.538680344590775073e+00
1.115825331426645528e+00
1.006659798318953802e+00
9.331657412770540949e-01
1.198509553553211981e+00
8.292068702230543931e-01
1.148808767359027483e+00
1.131037775709778037e+00
6.583044972797258421e-01
8.519892325982082459e-01
7.463341404849817007e-01
1.359137628505648232e+00
9.370961514967828254e-01
9.578541925206500718e-01
8.722261292563160406e-01
1.302271987923850904e+00
9.609167349214390308e-01
9.029827860265784434e-01
1.039745722394755933e+00
9.414462101655168835e-01
8.655670981576571998e-01
8.817089954351465808e-01
8.311830434624631891e-01
1.069768475402918639e+00
1.528092529471807515e+00
7.441329165633168152e-01
1.098296279295755795e+00
1.428827781105718842e+00
9.568376271118178567e-01
1.339609785447521073e+00
7.651740393099644155e-01
1.137782406677615432e+00
7.435862107289388234e-01
1.050632628186888962e+00
1.007819237674043356e+00
1.302902967695622527e+00
1.220223608524724002e+00
8.107045859185568748e-01
1.139709807328429525e+00
1.454885018227801252e+00
9.376744146761508691e-01
8.556644091050834566e-01
8.756746456292131553e-01
1.139245041252825885e+00
1.041322898666590113e+00
1.095537645167288021e+00
1.474228465689663814e+00
9.697330137483285428e-01
1.065358888431809925e+00
1.060042158730705841e+00
7.224150766656728395e-01
9.716725670126347136e-01
9.901323226969356295e-01
1.512090951890157076e+00
8.985140740627320932e-01
1.133220117619059719e+00
9.246933543997042371e-01
9.319437307635418666e-01
8.472780820747236596e-01
1.186473007537635960e+00
6.466418166123879541e-01
1.082866691546116478e+00
1.036657840369184402e+00
1.004314670202500981e+00
8.818086158769500305e-01
1.051825492833066589e+00
8.575040860809842735e-01
8.710763008023256759e-01
1.293007117441254517e+00
7.575795008404386799e-01
9.630608816715995335e-01
1.058580147342311539e+00
1.034573001285941096e+00
1.332332034883020766e+00
1.049978223826485646e+00
8.969362424056031013e-01
1.161904944608822099e+00
1.383074045612868730e+00
9.896040568382840075e-01
7.354746209904519105e-01
1.104214613136320189e+00
1.330667134283100461e+00
6.908902700727967972e-01
1.479186474054879685e+00
1.271902065286808270e+00
9.049768832976579080e-01
7.625479083718899043e-01
9.657177047350746779e-01
8.530518596271590148e-01
1.254778994700738171e+00
9.831570204957758019e-01
1.022948437546357559e+00
1.121178516602804986e+00
8.830194822680460520e-01
1.333380948679991462e+00
8.148019138706243947e-01
1.103590422772429802e+00
8.741501598843446352e-01
9.301569763945191083e-01
1.184985349310318625e+00
9.689642467749394195e-01
1.013784399781679779e+00
1.148053780324818529e+00
9.134747597283675580e-01
1.330026766846842623e+00
1.370928602633576077e+00
1.256910359293808677e+00
8.603888866282349834e-01
1.113841766948554968e+00
8.749281703159370593e-01
1.239632499044578395e+00
1.138034503016877919e+00
1.252004036202177151e+00
1.062253865207398951e+00
8.954114161530337679e-01
6.567394319376211875e-01
1.069456623022050135e+00
8.731550132426135757e-01
9.734709998576996925e-01
1.223168195541312286e+00
1.085126636251718457e+00
9.992567324777517079e-01
7.870360144392396506e-01
9.751006400712813882e-01
1.040163098287728127e+00
8.513675910056890395e-01
6.500798202950928140e-01
8.529177912888917801e-01
6.837372380516824055e-01
7.834862443288437284e-01
1.000796659051843562e+00
1.071964293236260080e+00
1.073889931485395355e+00
9.277996105659908066e-01
1.125239867462974663e+00
7.784760952404286005e-01
1.018403328136253005e+00
8.200967006609292120e-01
7.029609116942873159e-01
9.466209992877876456e-01
9.308582474375827198e-01
9.127473694790830816e-01
8.935612768642648973e-01
1.564542582383469549e+00
1.273397457931189747e+00
1.121421374644231639e+00
8.667028728604762033e-01
1.279657263218500152e+00
9.915315107655173765e-01
1.011808327484078340e+00
6.796483481942403593e-01
9.080799442054712234e-01
8.584892354583599783e-01
8.863352396840018521e-01
8.978756696509484492e-01
1.097901270490097669e+00
9.600576742676056874e-01
9.740506142196061479e-01
8.492055398885949291e-01
1.128612456791756369e+00
6.843601239412333559e-01
1.157401296479065866e+00
8.705011353386526984e-01
1.375465582888278915e+00
1.047460989988895363e+00
9.307346227603372490e-01
1.219491835377853217e+00
8.342064624850642485e-01
9.173585035844029623e-01
1.003677042084540449e+00
7.495515188112140681e-01
1.190331597063238211e+00
8.665055864334659796e-01
1.119441857349795288e+00
8.279535582896704327e-01
9.731877740489482953e-01
7.051762702203775435e-01
8.337094843093916241e-01
1.019570733180515276e+00
1.034214044518336761e+00
1.055263865535959189e+00
8.511762918406484690e-01
6.820458385590405515e-01
8.502273959595074704e-01
1.121153227174630063e+00
9.401947947673952033e-01
8.237447186479006644e-01
9.345777758575546379e-01
8.104679057719216262e-01
9.609663625110000940e-01
1.078532537894205667e+00
1.082905563188465425e+00
9.846407645150350163e-01
8.251334011682383007e-01
1.016042049660828672e+00
1.071247024272123261e+00
9.648234294918101028e-01
1.008351518052640117e+00
1.011200765737619411e+00
9.643362752772091095e-01
6.100209502388840299e-01
6.584193990961062504e-01
1.038856160795696093e+00
9.177560757838840733e-01
1.055509985753333435e+00
1.138242602550160409e+00
6.246284108788577871e-01
1.099202915994788476e+00
1.231192302775494074e+00
8.214127345418159587e-01
1.125544416347815657e+00
9.630938752670505920e-01
1.097218899778645618e+00
8.238766104323947959e-01
1.244615644521904763e+00
7.499729997523369995e-01
7.211678219432776649e-01
1.273855049736667855e+00
8.636796898270808764e-01
1.046020597793746898e+00
9.075746850589757608e-01
8.685913515727068379e-01
9.101353050680074386e-01
1.067496526348737262e+00
1.024363379233885762e+00
1.198911530093234701e+00
1.126455174661901593e+00
9.829260825965715487e-01
9.948934165629225168e-01
1.308106054115058203e+00
7.365714527654388943e-01
1.223898594735138845e+00
1.109778235037470751e+00
1.283093333028197280e+00
6.404069266851629694e-01
7.922378643165202128e-01
1.135152645909313307e+00
1.167834537117093063e+00
1.077774607061292578e+00
1.258903436370023332e+00
5.024964107631688659e-01
1.382336584312428229e+00
1.041838957587513326e+00
1.041831714024982203e+00
1.270109689189066415e+00
7.178698412542200424e-01
9.317124841134407642e-01
1.000030659035881619e+00
1.139174390552834426e+00
9.894569497897720556e-01
8.841832492832857326e-01
1.180123719502523150e+00
1.172543839410096211e+00
9.474693477660621754e-01
8.859171983458452582e-01
9.122713642988128369e-01
8.463256972580670556e-01
8.493020361366416804e-01
1.432547159930200209e+00
8.596745374130669859e-01
8.170319969592430009e-01
1.082061464344004742e+00
1.257359148376090641e+00
8.710208231242611010e-01
7.851124951970810395e-01
9.807360502174229389e-01
9.602966127620317094e-01
9.544738163745144499e-01
1.360599718309288830e+00
1.060373880420793613e+00
9.611724152439664604e-01
7.950767344586247010e-01
1.159673242739777121e+00
1.542453780325033108e+00
1.306584204576178854e+00
1.184000772556915937e+00
1.507259640795194144e+00
1.016398661161157513e+00
7.610970980258594532e-01
8.750908919434214894e-01
1.069459919623320099e+00
6.257303104499543078e-01
6.589092823117393971e-01
1.021257196342345130e+00
8.886170825037137400e-01
1.305572626927206326e+00
9.890832223524774758e-01
1.045652880363427073e+00
1.066523286219706046e+00
7.741436949268808432e-01
7.280628923647507467e-01
1.077619569948547573e+00
8.021188368604806884e-01
8.651724489923157124e-01
9.821876777780028656e-01
1.049711349406545757e+00
7.233644414848577897e-01
9.379359214068947459e-01
8.738344971141154272e-01
1.254621571154739490e+00
9.430010534423898250e-01
9.833396788518361520e-01
6.535444099206143553e-01
8.246228783987924471e-01
7.162517752800557913e-01
7.954537749256762602e-01
6.542667021948465056e-01
1.100011909369945418e+00
7.677792291158823668e-01
1.084904926512124668e+00
1.095233108939360767e+00
1.080546045744996908e+00
9.665507630711354103e-01
1.089471557090431864e+00
1.007205257795811715e+00
7.638766915308283778e-01
1.169582943442146972e+00
1.074501224819163214e+00
1.346483437520429760e+00
1.072325697136547795e+00
1.233959246343500959e+00
1.027383997320114650e+00
9.593928788144915343e-01
1.462722394543408022e+00
9.079441679019825129e-01
9.398594494429188817e-01
8.673945480157779775e-01
1.006357053605427376e+00
1.164158049200364697e+00
1.090863714590274203e+00
1.204826955992859716e+00
1.049754329545577569e+00
1.612402620231461414e+00
8.447135849580194034e-01
9.304734034281985089e-01
9.671617827832501568e-01
7.777852338833189938e-01
1.250055823769722352e+00
8.011050246723822044e-01
8.482897652478481598e-01
9.323758092444935919e-01
6.805567480417259452e-01
8.489967484691680610e-01
8.952853947892699393e-01
9.234754324429046424e-01
8.367503879509290421e-01
1.093181270096666324e+00
9.695091578828662904e-01
1.224576568223174844e+00
9.819556150412803719e-01
1.180213304273947772e+00
8.963582532058083086e-01
7.702726888431496999e-01
1.252032366874429536e+00
8.638148342857397965e-01
1.073460135783656844e+00
9.104176684759156535e-01
9.521836366347533609e-01
1.077369185292906373e+00
8.666585695864936767e-01
1.075120984480144148e+00
8.282155128701612634e-01
1.119917613639571652e+00
9.204196692595927320e-01
7.943382492868713562e-01
1.031385879195056088e+00
1.179767217767592413e+00
1.148402400761224795e+00
7.219535346502879980e-01
8.774492413698615767e-01
1.167189948927121357e+00
6.602888412619968284e-01
1.001288468803443132e+00
1.210481366946118964e+00
8.320562461181000291e-01
6.160781099664545124e-01
1.061518329583746478e+00
1.297023228021317864e+00
9.306294728885846634e-01
7.013532147376727588e-01
8.049467743827023458e-01
1.504155866363004135e+00
1.075110044552757715e+00
9.395733349708431659e-01
9.432175159160145483e-01
9.418675172380659433e-01
8.514687569409826740e-01
1.063433927285597047e+00
9.847620317234142551e-01
1.176830053585435909e+00
9.463757072371115076e-01
1.442993527518749541e+00
1.068290314160784682e+00
8.962306152128651782e-01
6.513689672685935017e-01
1.291591746867974733e+00
1.375378831528738965e+00
1.230018588525854106e+00
9.876193351796209718e-01
8.769092061223432433e-01
1.065673177979878483e+00
1.086895781850804710e+00
8.421572941265020873e-01
1.123787013130242762e+00
1.374328562327030490e+00
8.361688186319976568e-01
1.001727077311808101e+00
9.479219255646637032e-01
9.726994284871276486e-01
1.079751527596902072e+00
8.512330348247895140e-01
1.201990763456701750e+00
1.225298240510297010e+00
7.579853437833465879e-01
