9.685318892340296637e-01
1.077389157324083913e+00
9.846736294429517811e-01
9.258685818060854444e-01
1.105729623384683391e+00
1.022050176833545043e+00
1.023492486446472727e+00
1.053594831304960788e+00
9.786706817728310082e-01
1.168837517435759921e+00
1.126924578030298774e+00
8.869801071818202987e-01
9.965913271244135618e-01
9.500371433392211795e-01
1.065937289275959987e+00
1.009878041916917546e+00
8.494520651101157283e-01
7.907017824802928807e-01
1.132729028632052382e+00
9.683089686913541883e-01
9.108657598861743532e-01
9.872245249344610007e-01
7.064892865406880995e-01
8.477490014137283314e-01
1.198771981224013405e+00
9.800205019225977088e-01
9.942417622159845925e-01
7.916642629497027128e-01
8.484830548749012769e-01
1.053662211467489174e+00
1.073406542967456634e+00
1.029611532809706631e+00
9.322314618854462553e-01
7.842874038117969571e-01
1.080880559432091603e+00
7.726429842174910023e-01
8.931684086426467939e-01
1.204452318722181836e+00
8.750354515115287279e-01
9.232143422537893995e-01
1.063261817265795495e+00
8.102990242011396393e-01
1.013728905340375297e+00
8.093225296726385132e-01
8.720573078458352390e-01
9.419258049608051353e-01
9.637846499863637062e-01
9.258721845694797281e-01
1.135892471880916466e+00
1.046248005977735485e+00
9.413110106534937627e-01
9.756935084495661492e-01
1.206865848281920561e+00
8.912761938796189831e-01
9.799703606431636738e-01
9.202933759326142882e-01
1.045902549606513965e+00
9.490871719423705777e-01
8.085152606616217152e-01
1.016549169925102358e+00
1.385886677749857299e+00
1.115856795484209796e+00
1.140125353830097499e+00
8.182452047028073716e-01
8.789185275063507996e-01
9.742132113834766072e-01
8.141187167189267715e-01
1.099947183311851928e+00
1.041695257385750528e+00
1.175401667720662680e+00
1.145137881639170851e+00
1.077025923370213523e+00
8.340744156601834769e-01
1.110983111296319770e+00
8.196730989554175117e-01
7.523597924572793527e-01
1.002935363227636101e+00
1.200884977874383974e+00
1.027390650842358699e+00
8.919185295618192733e-01
1.070997093851004278e+00
1.072950173905476534e+00
8.338414899468616914e-01
9.583168727099330431e-01
1.039995782526194290e+00
8.152730789984045101e-01
1.189083415958834600e+00
1.263641116074544213e+00
1.062758681867098431e+00
1.140008074768307456e+00
1.012918342191254206e+00
1.262145812153160573e+00
9.115317965439089232e-01
9.439676235966739659e-01
1.132431303155090774e+00
8.834048123082225423e-01
7.682025147058001435e-01
8.546327839856879827e-01
9.687177246177106626e-01
8.135809390523782714e-01
9.177209117446754050e-01
9.423019277680645400e-01
9.116650416260482226e-01
8.828378318865840457e-01
8.302803833208657336e-01
9.998156636801742714e-01
7.936534342492249650e-01
1.204279370318532161e+00
9.189055815832440910e-01
8.731838035122351238e-01
1.046871384610651212e+00
9.104656966126042361e-01
1.097566731221201852e+00
1.032449670119836460e+00
7.684300664720201679e-01
7.734808864975529774e-01
9.416820423550985586e-01
9.512599034183101265e-01
9.029502819191657093e-01
9.759444766785279057e-01
1.163609494297729974e+00
9.411986964830542091e-01
1.056226261918801201e+00
9.476148803770216844e-01
1.011355084786004888e+00
1.133367430639422802e+00
1.139705298894208463e+00
1.012525815300020060e+00
1.016271089435657693e+00
9.480989828359801530e-01
1.082972396609640064e+00
1.059227477848051935e+00
9.315736817855898577e-01
1.116416829407265165e+00
1.030487984262090428e+00
8.412335038607114956e-01
8.967853671553649431e-01
1.047887271840749701e+00
9.139878702202213212e-01
1.091437816769076363e+00
8.758070339918281322e-01
8.830972029040988769e-01
1.123449914609552902e+00
1.005611218245429317e+00
1.206607112958621331e+00
8.978299572063344058e-01
9.499804016671758999e-01
8.923237890250725890e-01
9.981971872006561997e-01
1.046332741214323070e+00
7.612649806273353859e-01
1.123554394233709841e+00
1.050767886254980077e+00
1.019282494665287864e+00
9.440054369546949653e-01
9.953364332612909537e-01
1.044400085898906205e+00
1.285612050906425052e+00
1.077521948827438125e+00
1.009482565336442095e+00
1.181894477826268997e+00
9.478323124482752604e-01
1.039817165725237302e+00
6.705514435577575316e-01
9.076622964474024835e-01
1.205114168951045395e+00
1.141997236101121027e+00
1.082960948534262835e+00
1.043769695262632968e+00
1.023997977386709612e+00
9.860833682218066443e-01
9.668938218771109261e-01
1.019778694118895102e+00
8.280924146305486122e-01
1.029299802750563542e+00
1.100008203862767875e+00
1.224037844995801594e+00
8.685781478020351276e-01
9.028351439857825733e-01
1.124692377838480084e+00
9.983681942049372759e-01
7.694224740835166054e-01
1.132087178219594703e+00
1.030215582381009520e+00
9.148762508773703450e-01
1.087722417129683983e+00
1.120359683263274952e+00
1.059287368126004214e+00
7.608868144102547415e-01
1.187153565970438196e+00
1.069880805940047086e+00
1.097756597831828884e+00
1.142255255545201242e+00
9.189327679563435991e-01
1.032298203686780269e+00
1.122017765770178865e+00
9.987661458777565837e-01
1.009986667885379275e+00
1.095387717084173040e+00
8.508395318281050113e-01
1.065875673586842431e+00
1.127582768521098844e+00
1.028884569930382353e+00
1.171428316045357576e+00
9.769976690892450133e-01
1.217543162464925333e+00
1.155414952925104988e+00
9.732076804695020122e-01
9.768009023391331924e-01
9.434496089428916488e-01
9.162165176933241284e-01
9.975887590208514233e-01
8.414991242352336531e-01
1.264025175933991996e+00
1.007274877998818097e+00
7.790370036354953287e-01
8.120122923248025426e-01
8.616019258375391399e-01
1.034941619244734712e+00
9.758020977605401658e-01
9.066691484162149317e-01
9.447456116787738001e-01
1.173327741252596201e+00
9.105553465333784402e-01
1.020059526000210548e+00
1.198496535607801006e+00
9.065912029052622945e-01
7.826933721148582324e-01
9.231994997428843996e-01
1.048163128347345596e+00
1.032429184743746564e+00
8.660121253944850217e-01
7.911405572488160454e-01
1.251532182940853888e+00
1.268202114694202187e+00
1.087994074892573826e+00
1.197076967983472517e+00
9.642068092432276583e-01
1.008751671715420795e+00
8.839444810314346368e-01
1.069968997800819777e+00
1.001717112791919551e+00
1.114168568321540098e+00
1.089417666350841696e+00
1.257807900358539843e+00
9.520557912344462803e-01
1.014116967665656288e+00
1.155885332968234813e+00
7.703771249929887155e-01
1.022425770602336748e+00
1.048061707703522139e+00
7.106778842543425290e-01
1.137193058769719212e+00
9.280260704123471927e-01
1.243878658088596989e+00
9.351665368611137286e-01
9.887882228451344568e-01
8.759630600307084514e-01
1.003131154995248409e+00
1.041741895479619151e+00
9.700517973596035626e-01
1.093402653206722253e+00
9.089911641684772503e-01
1.006772879439594481e+00
7.483324637098849319e-01
8.695882594675763411e-01
1.094576215609066816e+00
1.164999449075908800e+00
1.003398260155646593e+00
9.889170089283875198e-01
7.197478651480873069e-01
1.146491231728288929e+00
9.697971031682209864e-01
9.322804158010701281e-01
1.122659993844095538e+00
1.365656114302708168e+00
9.214206102454034486e-01
9.346488999076655313e-01
1.205187108284007991e+00
8.879204251902679257e-01
1.035517531668516567e+00
1.032796231430019418e+00
1.247142912733372189e+00
1.111439816781122802e+00
1.007656056911043985e+00
1.169300637021663869e+00
9.158241657129883029e-01
8.390734951089821037e-01
1.120902049058290384e+00
1.022206327095284584e+00
8.197373852559238783e-01
9.028513941824169997e-01
8.617229251335264406e-01
1.086947563885350965e+00
1.056321768827926721e+00
1.089657548872985826e+00
9.670690150100568205e-01
7.475805202936633975e-01
8.946009321127256220e-01
1.096538854645663363e+00
1.039714476928051079e+00
9.323191983816716544e-01
1.094333198913094884e+00
9.749829048991187630e-01
9.274862904966144628e-01
9.260001962583098711e-01
9.291500832130235032e-01
9.839864661689281533e-01
1.054346133233113214e+00
8.934188036390526833e-01
1.122656848228062776e+00
8.436238189799376563e-01
8.661912922431961315e-01
1.114977460994785119e+00
9.064017651400791964e-01
1.081454648475912661e+00
9.209330424930446402e-01
9.143172497356985007e-01
9.654573444124755488e-01
9.553070732830623024e-01
1.209756424747443049e+00
1.024719037028886559e+00
9.259956882773626718e-01
7.667464962430416975e-01
1.132677249723805346e+00
1.110240644429276280e+00
1.207079388614560989e+00
9.789641107893352068e-01
9.018394252351953355e-01
1.164464037929488160e+00
9.978811498391445545e-01
1.089750649053949028e+00
1.032697454876325693e+00
8.685456305818284317e-01
1.178805819194295390e+00
1.002743655732850847e+00
1.082329139647420169e+00
1.136913097099970793e+00
1.047886396821432475e+00
1.120886092290993563e+00
8.401452597517502507e-01
7.730390465163059499e-01
1.203340299257994239e+00
1.214724500084547687e+00
1.014826411424887054e+00
7.819930556212106865e-01
8.058691080835677090e-01
1.065215116677665330e+00
1.015624697354791106e+00
1.060207859710962763e+00
1.046056878152458847e+00
1.047398270219231486e+00
9.348107046958455957e-01
1.169024441874333853e+00
8.869913680406806833e-01
9.964168999413721695e-01
9.257732070666740976e-01
8.353138773636378245e-01
1.009768869303392602e+00
1.197952701365717632e+00
1.020314055573941392e+00
1.061246759224265812e+00
1.034335499239743550e+00
8.178986917191816142e-01
9.758257271114429976e-01
1.032293632954109919e+00
7.569830734967001318e-01
7.874500370777439695e-01
9.392646033260785288e-01
1.145112314731665748e+00
9.702238376069836079e-01
9.409798336970186527e-01
9.842960582598214714e-01
1.042454424121325607e+00
1.033598565283852633e+00
8.958911633508181982e-01
9.844682944368503552e-01
1.112012420341041086e+00
9.183809601024258695e-01
7.829647358235491961e-01
1.203836602756831242e+00
7.371612344653473148e-01
9.585783466779460582e-01
8.241654857809578294e-01
1.108310699596306570e+00
1.057503628392134853e+00
9.520587773391654407e-01
1.080478938673460787e+00
1.005495761213507144e+00
8.772878961473978832e-01
9.998103220309968453e-01
8.317935374562761552e-01
1.105847677174510935e+00
8.088060994889965105e-01
1.158100045893021734e+00
9.032554608631850890e-01
1.086232749181288204e+00
1.117861800050586218e+00
1.195407410163205064e+00
1.145927654356794667e+00
1.083802723262149437e+00
1.122442732063830606e+00
9.710320027028428447e-01
1.001415839458650980e+00
9.640798166730754071e-01
1.106040906134029944e+00
1.022323561872142017e+00
8.450846011450229289e-01
8.144836565387646443e-01
1.089023270499780205e+00
8.657073538433869286e-01
1.094152172563923608e+00
1.235220896023893289e+00
8.380306534480664871e-01
1.055236998243006541e+00
8.606425957067784793e-01
8.973591468190810216e-01
1.009264351077901578e+00
1.099978706974483522e+00
9.305968814306460057e-01
9.246023806110890142e-01
1.144680171357471465e+00
1.046549011386229466e+00
1.330085592434792519e+00
9.302444849233618696e-01
9.684032500230052021e-01
9.711813889175345826e-01
8.164040521457954780e-01
1.185605635073653685e+00
1.088941983049319218e+00
1.081055194741998182e+00
9.136209692848626940e-01
1.149688001927479553e+00
7.468879194900892582e-01
8.912038515007036921e-01
8.801500412741595225e-01
1.213587389452388088e+00
9.400977490557659300e-01
8.320631526741267825e-01
1.062053460597105259e+00
1.039466790522228345e+00
8.690229919512969525e-01
7.926896703599316529e-01
8.882030221103105472e-01
1.147592666737462075e+00
1.114534923623833773e+00
9.673514875766385801e-01
1.023830551341248674e+00
9.372681478956240708e-01
1.115601719306523076e+00
9.352356802540024994e-01
1.226176914127741879e+00
9.609707645287871580e-01
1.347468248608237662e+00
9.357687608058039563e-01
8.556812566573314127e-01
8.860752379154360758e-01
1.090855092801100046e+00
1.007225197695447383e+00
1.108750609865243097e+00
9.852658863749811369e-01
9.878135758283125289e-01
7.833525179971421171e-01
9.766879567202572110e-01
1.120940925230829111e+00
8.492718668426038064e-01
1.034762775650751587e+00
9.857587889941732406e-01
1.095162097548798785e+00
9.429654795447256488e-01
9.648261516049532194e-01
1.185132803077335817e+00
1.392519494375209277e+00
9.887497562437792542e-01
1.000513828327323163e+00
9.950868946053142983e-01
8.128216626712443382e-01
8.996182155268401814e-01
1.081405938833990499e+00
1.038049855304381985e+00
8.878987697011239133e-01
9.247771981743613257e-01
9.198904643223850819e-01
1.140838326691533178e+00
1.125501471699016376e+00
9.948843215523690553e-01
9.097495488323577018e-01
8.775569449342287554e-01
9.294055878645695046e-01
7.393828152075239135e-01
1.069563082028198053e+00
1.005021444738465775e+00
1.021312007522830578e+00
9.001820692023039250e-01
1.167114815866329591e+00
1.209806797698684599e+00
1.278562312751354124e+00
8.888064476599393249e-01
9.342453524605800474e-01
1.018362942779118763e+00
1.131437843404033972e+00
1.076401826234167247e+00
9.290899254971565213e-01
9.118935383353294899e-01
1.085719437594512060e+00
8.495722863879703324e-01
8.029171483790257247e-01
8.820040687201965435e-01
9.368968755507347534e-01
9.007835312029105479e-01
8.927773810768160345e-01
1.077637444543986689e+00
1.213672260922397328e+00
8.972685347062784311e-01
9.181032210355610790e-01
1.000331541399397839e+00
6.546287081606543268e-01
9.806850621420910574e-01
9.763967868845667697e-01
9.438027249590791312e-01
1.042546203694158180e+00
1.120249435880129152e+00
1.030126885772941092e+00
1.103262140845643335e+00
8.070517299591722926e-01
8.943529733413709826e-01
9.593874419124477360e-01
1.048806559059673571e+00
1.039157181327240886e+00
1.031835785755405466e+00
9.284483737653248525e-01
9.527439140517582894e-01
9.175902351563325343e-01
9.213119345955549377e-01
8.705546709958348339e-01
1.110188433553012555e+00
1.046666106128688822e+00
1.253871435208008034e+00
8.148486806435109031e-01
8.649595405988445007e-01
9.860047280386025070e-01
9.531276772581803725e-01
1.137733469845732870e+00
9.098668688525066717e-01
9.399477078707285660e-01
9.300283669821678423e-01
9.203952790853662247e-01
9.710281062708535638e-01
1.062504327302979057e+00
1.149223997582833112e+00
1.058608234453270791e+00
1.215997348424318059e+00
9.254218397470793667e-01
9.221229582598634567e-01
8.774916413502674706e-01
1.143143923505794524e+00
9.283596670040592524e-01
8.834705995536148437e-01
9.232155822951610968e-01
9.631757230834222527e-01
1.062267771363190505e+00
1.322032462126252250e+00
9.794448824556138966e-01
9.256604703953463797e-01
1.096065928445512538e+00
1.086851513282670378e+00
1.004214872420743587e+00
9.076730646133032154e-01
8.836832606717097693e-01
7.005541659683337530e-01
7.687236285672723879e-01
1.149140342167445095e+00
9.355385005185141711e-01
8.629490356515914229e-01
9.604940108145627597e-01
8.883803195721631241e-01
9.530126016108951825e-01
8.622450078557958308e-01
8.099826373786030986e-01
1.035384128522392810e+00
1.059714927491933523e+00
1.072520954976633245e+00
8.456335472535903008e-01
9.521100134016494687e-01
1.119594050178730482e+00
1.119520207107579823e+00
1.094010376668622664e+00
1.013754128573838065e+00
1.105721053011576416e+00
9.214016126099935367e-01
9.922604621363493305e-01
9.574176851990541248e-01
1.072531695600276613e+00
8.690004722535729087e-01
8.447130137942497896e-01
1.097153759583257671e+00
9.148487673713736612e-01
1.049798202152357307e+00
9.336824948073209063e-01
1.018138656381573970e+00
1.010350925513496367e+00
9.519968104706593159e-01
1.011330788983934026e+00
9.762542526190025605e-01
1.049224408154230570e+00
9.488903468594195312e-01
8.994125438464962707e-01
9.498686542778239650e-01
9.432335686741716296e-01
1.189258020234123636e+00
1.152772502622598561e+00
1.192165915552810151e+00
8.348680116265001505e-01
8.312595835668336042e-01
9.433916364249564923e-01
1.161652050683926962e+00
1.064056450827196798e+00
1.057263956350635636e+00
1.219158824562818655e+00
9.926469850616542745e-01
1.085412291696727927e+00
7.850382684868832950e-01
1.211160271992996140e+00
8.410807038927564649e-01
1.012733000303357223e+00
7.125751701094963364e-01
1.199571010674457039e+00
9.238050713844698780e-01
1.085807736315250516e+00
9.219887610669340594e-01
1.239466906782558997e+00
1.083236903456078037e+00
1.076250845937054779e+00
1.060738128498674548e+00
1.294242794802951568e+00
9.616337835332828821e-01
7.347300172631440196e-01
1.126751456353001668e+00
9.210816955062999245e-01
9.394642412416248645e-01
9.560382205697629532e-01
9.838802066399008339e-01
1.008778195211354589e+00
1.238667388358006383e+00
1.101508483033638575e+00
1.002238220121781209e+00
1.060604072775332529e+00
1.116814356835575728e+00
9.995985094278649896e-01
1.012867244323055305e+00
9.088946625444341842e-01
9.087668606756509337e-01
1.092551860061811375e+00
1.090616469998908267e+00
9.734590166715539894e-01
8.470147239374506976e-01
1.102854891676330107e+00
8.722746056165193718e-01
1.086797693345058491e+00
9.981627724974133642e-01
1.131637602007596444e+00
9.056891715693891065e-01
1.170816561411288426e+00
1.042191252695352066e+00
7.718421629961025321e-01
1.199307884888876297e+00
8.963809065059281656e-01
9.152195579060870001e-01
1.000864877236709916e+00
1.065549027188943398e+00
1.059732589935629798e+00
8.433077328917871762e-01
9.813390206940199034e-01
8.799969268177031401e-01
9.095735969275795529e-01
1.035117311528460649e+00
8.525871999085851138e-01
1.027436880458336477e+00
9.869672590336470153e-01
8.127877146186701651e-01
9.156614932410580554e-01
9.385846819244930694e-01
1.254734727436012331e+00
9.640610710755262991e-01
1.144632856805865240e+00
7.777726790814772917e-01
9.504994788007075091e-01
8.565277766681564930e-01
9.173585280964526856e-01
1.084096626086564763e+00
9.954946120660629338e-01
7.535070313802505471e-01
1.108277004218069850e+00
9.744962617690240414e-01
1.158187534513087869e+00
1.139992057345464271e+00
1.084539478976219495e+00
7.930065011160207789e-01
1.073826096154225640e+00
8.061894951381675112e-01
9.627111418892955186e-01
1.009821012294946918e+00
1.091408186377041067e+00
1.153926158405003344e+00
9.966157978079054347e-01
9.860389835203674513e-01
9.771254188813355279e-01
1.102527312517938007e+00
1.009507272545306700e+00
8.978336562439428459e-01
1.103971733324214055e+00
9.150711925275528680e-01
7.656990160825067893e-01
1.326508375282887009e+00
1.150340552762194157e+00
7.858068935465324367e-01
1.018501636694946644e+00
1.128434754970839116e+00
9.039268035440413129e-01
1.085800735922205051e+00
9.338600455151985225e-01
1.382115450164499437e+00
1.167390144980393840e+00
1.028443824871421386e+00
9.840745900261878010e-01
9.260606294876726485e-01
1.138491161834421783e+00
1.201085796350294110e+00
9.468749932506101974e-01
9.812022750463796905e-01
8.234054067336914473e-01
9.668203089751730150e-01
1.252486685191785964e+00
1.124178008243192251e+00
7.780457433838727788e-01
1.015550406048164822e+00
9.888097629306311642e-01
1.004724925984927797e+00
9.739346929881369519e-01
1.108967237013946505e+00
7.782983344885632260e-01
1.185211822276909910e+00
9.439842348485624202e-01
1.128716992527240004e+00
1.058796333166129866e+00
9.507589484365714938e-01
1.027314360824604700e+00
1.042581926561247485e+00
1.019892636868934943e+00
9.703690234660627967e-01
1.038537927303709640e+00
7.466951945049760120e-01
1.062783588916033084e+00
1.085558122811347115e+00
8.785893956150296891e-01
1.063122274861319383e+00
1.077602522421355680e+00
8.932250309556603041e-01
9.630377609892273316e-01
1.044183035972470197e+00
9.999178613073769206e-01
1.225069749820905329e+00
1.108677013338265072e+00
1.097822051833463153e+00
8.592165408646994518e-01
9.639121324935404633e-01
9.246218467149416309e-01
8.655043653161196282e-01
8.921865176963786892e-01
9.373880568220818166e-01
9.266893179820101523e-01
1.024997754139788331e+00
8.862615656041307188e-01
9.506527257556525168e-01
1.327187279334206771e+00
1.201569402223274796e+00
1.080007129117494635e+00
1.111322532207800640e+00
1.015317076119028661e+00
9.025249622566435814e-01
1.131102531387972121e+00
1.331144443590866810e+00
9.497549699912530841e-01
9.391858711459450948e-01
9.995435922291089348e-01
8.859336601100425979e-01
9.519045250086103360e-01
1.009240579108101388e+00
1.084341211680975192e+00
8.964325829761209397e-01
1.011117725930013256e+00
8.627831507318044491e-01
1.225772436548793198e+00
9.439322579246330891e-01
8.945745658119256261e-01
1.059639492159525131e+00
9.686014376413681903e-01
1.084677980203935244e+00
1.013240233364740561e+00
1.263157375724123455e+00
1.087778360337358974e+00
9.244320289641518862e-01
1.061174232221193003e+00
1.225268255840823439e+00
7.540067934188406928e-01
1.262138166538061768e+00
9.485679273253080357e-01
1.148754478722223249e+00
1.197663164452292595e+00
1.141854566087039613e+00
1.032165352496091870e+00
9.501810202856516563e-01
9.627959789691591386e-01
1.287690314913088496e+00
1.003157620707412878e+00
1.070245980404625374e+00
1.185368191876367883e+00
9.454951142545351406e-01
7.312101969200524021e-01
8.549450362633076450e-01
9.389832598492142690e-01
8.625344688013631966e-01
9.420378003356391083e-01
9.586595959557275837e-01
9.194404745216454566e-01
7.667233773284768406e-01
9.699900496766244995e-01
1.207485289733500666e+00
7.903647927782869731e-01
1.095667384105754483e+00
8.393495942669604304e-01
9.077695854525215102e-01
9.934648894584832135e-01
1.082286632571927809e+00
8.026854834410689365e-01
9.739766091207731069e-01
8.283524700653432937e-01
8.745695321850482928e-01
8.792179771137493827e-01
7.473996168894533332e-01
1.041568319855337155e+00
6.969137918581725932e-01
9.418455706390589377e-01
1.277194042730486201e+00
1.098919567951311960e+00
9.597522260307613795e-01
1.035051109219356835e+00
7.824976916106353153e-01
1.069385659860180082e+00
9.837226151214230052e-01
1.096656532780482252e+00
8.297860102666747562e-01
1.094159503150182067e+00
1.206760142922675305e+00
1.282480675307646312e+00
7.494107265040186316e-01
6.494979055442418048e-01
1.042838263332480420e+00
7.933216900310267050e-01
1.080343380040779788e+00
1.069686744330581085e+00
9.585022813393611063e-01
9.273879079947991988e-01
1.046018228349733903e+00
9.550356049467529918e-01
9.254982348860778529e-01
1.065669790111015480e+00
1.005076939607123521e+00
9.527335874936652127e-01
7.236294074315793301e-01
1.052069075766715711e+00
8.202071136245718819e-01
9.731797091421541257e-01
1.112705102405293189e+00
9.388264886053571123e-01
1.063742714491093366e+00
1.099442842180508251e+00
9.150964628786997235e-01
1.066825672137385661e+00
1.009840997682649899e+00
8.860138725891204547e-01
1.168777647231852734e+00
1.087995194309233415e+00
9.546471301336743043e-01
1.033230249578032778e+00
8.220661543688675410e-01
9.848620194300174990e-01
1.030959212060852392e+00
9.345920123343379737e-01
1.229919166682367671e+00
9.126887386158105686e-01
8.636794524347298774e-01
1.002020333306973487e+00
9.721004684122747097e-01
9.198713518691129520e-01
1.085089541613746933e+00
9.975547992639781647e-01
9.030471404568349847e-01
9.793948706726218756e-01
8.311559533005875577e-01
7.877474457779092276e-01
8.247896489559524147e-01
1.127294452134106617e+00
1.291826283978293022e+00
1.030839995127053044e+00
8.651188397949591824e-01
9.943053257927711996e-01
1.179452334088936905e+00
1.114450985048043297e+00
1.111712630342848396e+00
1.110450194933056522e+00
8.000847211775720114e-01
1.151678547930726326e+00
1.216390060918538518e+00
1.248531533238607105e+00
8.605695725232163085e-01
8.611676435990484046e-01
8.330324431774174254e-01
9.466339596553072777e-01
1.215313102707392456e+00
1.215501431570477298e+00
1.206675433438709311e+00
1.122169826275152049e+00
7.394662637294484586e-01
1.005405656104868761e+00
9.573099251326551151e-01
1.170499364508566842e+00
1.064390201990308649e+00
1.121361809136278920e+00
9.907951526813307819e-01
9.605041626761565698e-01
1.071260585078056105e+00
1.018702684770933953e+00
9.442637639102755553e-01
9.450837427670324420e-01
1.049070599154635852e+00
1.010301943933182622e+00
8.190242342905502682e-01
1.115075492348604147e+00
9.611668254661469568e-01
1.258966447069426842e+00
1.081790892569720830e+00
1.059313822930073590e+00
8.928989602627531719e-01
8.091212332184645195e-01
1.114840283459685333e+00
1.008655356732587105e+00
1.200738746372757015e+00
1.071676688226903984e+00
1.001307578372923945e+00
1.250985361854310529e+00
1.108221682710663902e+00
8.044123294851793782e-01
1.069888522459945701e+00
1.032592422007859279e+00
1.142856072998056804e+00
9.982474632778230994e-01
1.007473610487757743e+00
9.643742229249776532e-01
7.888721156562403802e-01
1.178784844456178593e+00
9.368592930300241317e-01
8.194818495327645946e-01
1.057440124134149562e+00
9.212624171383126948e-01
1.151309565651799538e+00
9.745677450380280105e-01
1.026272676886198720e+00
7.324923528382070170e-01
1.040809741046316628e+00
7.767009239646238683e-01
9.135785102652645984e-01
8.451066416698646000e-01
9.387617629733409075e-01
1.033330027108340099e+00
7.940331312982914502e-01
1.149518408541674752e+00
9.910951176220019754e-01
9.790296752033856853e-01
9.935516751843911365e-01
1.212238700856758999e+00
1.150348221039627195e+00
8.696768665099567919e-01
9.833189303539671133e-01
1.014076112389217466e+00
1.091509009879387149e+00
1.189292071080482849e+00
1.049407081627058425e+00
1.042807615997844550e+00
1.069527305290257191e+00
9.514147990160055635e-01
1.283413372805900288e+00
1.010279940902454987e+00
1.283340308916406602e+00
1.328327239149705630e+00
1.045052686047132973e+00
1.132476531412199616e+00
1.075378005789234592e+00
9.990149690787910597e-01
9.625554589413297668e-01
