1.028527766456533099e+00
4.577735757882286927e-01
1.139543498216799289e-01
4.781380703396973519e-01
3.035278870898374115e-01
5.484243071677963322e-01
1.682205007400835894e+00
9.437105675922091708e-01
8.410124606174682604e-01
1.175752074602572472e+00
4.383008056942512276e-01
3.391473718217912769e-01
2.254370754347102546e-01
1.965034642252668551e+00
1.018338109151734949e+00
7.895381360078057575e-02
6.247259506988935840e-01
1.522412289761382764e+00
1.449872881771642641e+00
1.262281154292307139e+00
3.291127106900323618e+00
1.076601358026916255e+00
9.263423093255112040e-01
2.634291978144809754e+00
5.878847665717175097e-01
4.662915414167554951e-01
2.270234579771287731e+00
6.163454671500895321e-01
9.765349431856779061e-02
2.042780137239758265e+00
7.451921170095685554e-01
2.114108387071875206e-01
9.773730505657390877e-01
4.386309786224126261e-01
6.213471564259267499e-01
2.913790266617601321e-01
9.052672556720789965e-01
9.060075296042866544e-01
1.421724208226159192e+00
2.190399814313436888e+00
1.621683812010993320e-01
8.691048961074490098e-01
5.142484585891378412e-02
9.808726672722204443e-01
3.572313993360927697e-01
1.471993249599412135e+00
4.487600408315288170e-01
1.824223470680681913e+00
3.705695997454954149e+00
1.807768078470154194e+00
8.573283924841254011e-01
3.943344165309573546e-01
5.906919940764722154e-01
2.593020076100009508e+00
2.391315309513128984e+00
5.144601538727145984e-01
8.435165070378422003e-01
3.309626567831105426e-01
1.005311938296884477e+00
8.072397633428799457e-01
5.985348068825429024e-01
5.735270606483254818e-01
1.635641536198717105e+00
3.471285391042182589e+00
1.322000470124093940e+00
4.261545510217052968e-01
9.202560727453555911e-01
2.239501450372174685e-01
2.168949016570227428e+00
1.123137673308158613e+00
1.308642504799204964e+00
6.839142873384667087e-01
3.159324902790081602e-01
3.095406785597649701e-01
1.329090712946563890e+00
8.092929072082609698e-01
2.627535019690360407e+00
1.347780702587275004e+00
5.391195354905997661e-01
2.184163908685008149e-01
2.039244456764893187e-01
6.626282626680436438e-01
1.520311118935372852e+00
2.324011824845086061e+00
2.618570626491169673e+00
1.348164787623786331e+00
1.477269446586405299e-01
2.633845883916757113e+00
7.044913594936520473e-01
6.245137218904914800e-01
2.891273399898849350e-01
2.139528746197270070e+00
5.014725617772328725e-01
1.332145157829349058e+00
7.909520638591097663e-01
1.164617926245058221e+00
9.372133354453322518e-01
5.733257111455926092e-01
9.703646859478569642e-01
4.659888100584558268e-02
3.362458990526155378e-01
7.503320274635638665e-01
5.510060882994956000e-01
1.315971997366392809e+00
1.578627070170522062e+00
1.411078804941668929e+00
6.580508699484112212e-01
9.568392367977948121e-01
6.595199740657494702e-01
5.264914991374924913e-01
3.199711461491616671e-01
8.962916303862004108e-01
9.715672842247617957e-01
6.477726821228747545e-01
1.224667825021774403e+00
3.539500464463269935e-01
6.347768055768143736e-02
7.973356809381790811e-01
1.454811424571156753e+00
2.560859437794627880e+00
7.100418876082678077e-01
1.112201086759482482e+00
1.815599801373761979e+00
4.016582991532385849e-01
1.889049172856621661e-01
1.697673406260049589e+00
3.070122932753180378e-01
2.514723792674629088e+00
8.966907948760537428e-01
7.191626121703156294e-01
9.526562420981511403e-01
1.389142888694682387e+00
3.938639224299746444e-01
1.199038409649000991e+00
1.870360621708784921e+00
2.455000284470106875e-01
6.502057829988703297e-01
9.080387428086651447e-01
8.830268513893023696e-01
6.243610005650553907e-01
6.374303329924175809e-01
4.217977810530008087e-01
1.997268524072777496e-01
4.227438845183693061e-01
9.099105645228455774e-01
1.265141342067098940e+00
1.209447109022083744e+00
4.396795073684424127e-01
1.398373625318926505e+00
8.802068031737902976e-01
5.411834388055069001e-01
1.528006848982979893e+00
1.752770876934100164e+00
1.509141148647187514e+00
1.034706766214305462e+00
1.643870464180464008e+00
9.953865667541392792e-01
1.122653109444422537e+00
3.478973456395042518e-01
1.271367704836647849e+00
1.111107282752058500e+00
3.819531555546744062e-01
1.308440022673685421e+00
1.134331814994915533e+00
1.017998932872300255e+00
8.114549169147070584e-01
7.493077104853800297e-01
8.787626590728099263e-01
9.210183969518052072e-01
1.153164438646485934e-01
1.711034980850766996e+00
9.439586735091318737e-01
1.257480418881843365e+00
9.124562870959397332e-01
1.123135288202132820e+00
3.497185961343963756e-01
1.120934915542694199e+00
2.743303984512422411e-01
2.663488487442916552e-01
9.811052493209406755e-01
1.152680280765582044e+00
1.975563320865876715e+00
1.559045727571448658e-01
5.749133951733589321e-01
1.141560259868469318e+00
8.732241048018094531e-01
1.604992654763094606e+00
1.233222503459506791e+00
6.280592528642614525e-01
9.332777143014676646e-01
4.186284208280394159e-01
2.151152292056668913e-01
8.726912993856500433e-01
1.212878975359789280e+00
9.792395388956507407e-01
1.684602578848727550e+00
8.685333916358347617e-01
3.665240205460836287e-01
1.321213401538069987e-01
1.115811596948303119e+00
5.440508869297078220e-01
1.418120502994616006e+00
3.550594015204406872e-01
4.297299630499500089e-02
1.506837969259647303e-01
9.716728274591341918e-01
1.755848025191086847e-01
1.211893757407958017e+00
6.002908612739839278e-02
2.209325162578197332e+00
1.479627539618362686e+00
4.049844789174116277e-01
1.159412856945857551e-01
2.448771535664652499e-01
2.711873222564463504e+00
5.515219028212248187e-01
4.385486292630539351e-01
6.271407021337606080e-01
2.759435037369440957e-01
8.036955751351696486e-01
1.491521668842772597e+00
2.145424170998525337e+00
2.021531710329973919e+00
3.334079543017552938e-01
7.372426138045203858e-01
2.851872615497526020e-01
4.931406235948970762e-01
2.991330770457970356e+00
5.463585691968487756e-01
5.859503995694488321e-01
3.977054344739601177e-01
1.005101264358295943e+00
1.345192235250815438e+00
1.976619654712475693e+00
3.103760326625549237e-01
9.511214928780364897e-01
9.471317624907072963e-01
2.821854461209165166e+00
4.606527339627853879e-01
3.311550573992859681e-01
1.461795894237130300e+00
5.799975494397074938e-01
6.015283673055407121e-01
1.063850748982664740e+00
1.863412654683730629e+00
7.685675956931330433e-01
6.396662592310415896e-01
1.661162410313795856e+00
2.808681976885640807e-01
1.003860953830712832e+00
3.361109323531928927e-01
6.174609874013299304e-01
4.592037587872365711e-01
1.262859462307067970e-01
7.895658035180946888e-01
3.068214640065118015e+00
1.226598939459032866e+00
7.530849778248834836e-01
4.867451098711120250e-01
7.258050314682296111e-01
1.448808303608732917e+00
3.469924402946792386e-01
1.152373380847838025e+00
8.938881923209474056e-01
3.348025067521147591e-01
3.533382557654540790e-01
5.887593223010525456e-01
1.560587645046840111e+00
1.044393075276046412e+00
1.416617596908953947e-01
7.015505859115488407e-01
1.172568496551111172e+00
1.237686148850501544e+00
6.254658632919272154e-01
6.201222380066173656e-01
6.611427529966626970e-01
1.840478800565406914e+00
7.901046635641564286e-01
1.061137363939513856e-01
7.486482211419789312e-01
4.614851600306146828e-01
9.081414914906741354e-01
1.699900409868106088e+00
2.017423813965088186e+00
2.590723170102874895e-01
6.675536550263323488e-01
4.731885937848536727e-01
1.246475126259262822e+00
2.278596748021401996e+00
6.312379153298586232e-01
8.334836444423494584e-01
3.838603785035852867e-01
1.473136479645268115e-01
1.420095396465373971e+00
4.573174323525087126e-01
2.457947037278767066e+00
6.195806750834493837e-01
6.866554549616636915e-01
2.594274817160469593e-01
8.653462444329085290e-01
4.705931755115040360e-01
3.955335919968426817e-01
1.642253731440919129e+00
1.096619533059565388e+00
1.158342801703232450e+00
9.445465824763178420e-01
5.039061973630252211e-01
1.193971486881065136e+00
9.406761381369127539e-01
4.495175193363792898e-01
1.033053997576599325e+00
7.515891156182281652e-01
1.895048561301952539e+00
6.010040461490506747e-01
2.192943100330880135e+00
4.703361267396642398e-01
2.174213621671720054e-01
1.265196314487998519e+00
1.361955068764586718e+00
6.237807237132310112e-01
2.445554548872086897e+00
4.690921636719451171e-01
2.251783528917910449e+00
5.199729777752584159e-01
2.903454949889643366e-01
3.600897599565329177e-01
1.084286355239523214e+00
5.773690749824134105e-01
4.808729346796377646e-01
6.033834685036777445e-01
5.024088286464757358e-01
2.538984708338375640e+00
2.777840548302461521e-01
1.320590342319175603e+00
1.076699332684349031e+00
1.144287458607885499e+00
1.131493824750292365e+00
1.416032644818659758e+00
1.253632561161018844e+00
8.798357259487989968e-01
9.013116318838555463e-01
2.813238257489700356e+00
8.672633230628721268e-01
2.741004742923295101e+00
4.136209922277322093e+00
2.845304002643148644e-01
2.801795020995785923e-01
6.422533381916039064e-01
3.860631673800570152e+00
3.394400490700920092e-01
1.273282844287303206e+00
9.253204263485499403e-01
1.653420608056910712e+00
7.815427047503040736e-01
7.863488490894310345e-01
1.466072306029898353e+00
1.233109049352025810e+00
3.732325350739941761e-01
5.784935935122492712e-01
5.799672776127530183e-01
3.974034232374966114e-01
4.845985403351339982e-01
2.868043405880569829e-01
8.621581846098556046e-01
4.879357974927687192e-01
1.543476579390616887e+00
7.796989214367199272e-01
1.134300592385358630e+00
2.042846381528832911e+00
7.257548988413777824e-01
2.041393120914273496e+00
7.866503606499759826e-02
1.004525670874240606e-01
9.943093375861624672e-01
7.516193808959301115e-02
8.391649235159105435e-01
4.179494299515994493e-01
6.747981946490392291e-01
6.245956843336739617e-01
2.030690827076973903e+00
9.291812656292589567e-01
3.452405528914821997e-01
4.400420381779584500e-01
2.446929989782477000e-01
7.696005699802327404e-01
9.915138471255399155e-01
2.480205114029828684e-01
3.279961269471777796e-01
1.369191797808600564e+00
5.126562084663303098e-01
5.467982933649294885e+00
1.697659773746705625e+00
7.237507361062917033e-02
3.375024807225321943e-01
1.671832047026733381e+00
2.296759536956786363e+00
7.751508543772407389e-01
1.756561130275200666e+00
1.006842458567991372e+00
6.722591722268991266e-01
3.924055545618199137e-01
7.691538559578094958e-01
5.521643689713497949e-01
3.390768041283427903e-01
7.339433127191612449e-01
5.178107919552558114e-01
3.072350091080091605e-01
2.859764069580177925e-01
1.593398583581060457e-01
3.932001911661213711e-01
7.234883289306757170e-01
1.324179715401816670e+00
3.048409172639614528e+00
7.087575627010773704e-01
1.050170034648218564e+00
2.586526993627209947e+00
6.217993629564869673e-01
3.626321189296459191e-01
6.767531353038362951e-01
1.615565915323036172e+00
1.125930645322060997e+00
2.366870099868438604e-02
1.629887438405058786e-01
7.975474083902023281e-01
2.992554912042887927e-01
2.234314016029459449e-01
2.213849852422961062e-01
2.538363393974897519e+00
2.418373393332521104e+00
5.359997443889454871e-01
2.062374480545049737e-01
8.114280707338701326e-01
8.625344031789301535e-01
1.479001148090671958e+00
3.254319387950443399e-01
8.227432092617913417e-01
6.973801154948808811e-01
4.601262575035794389e-01
1.144099825883335697e+00
2.986001822072303469e+00
5.900671402434377599e-01
8.098626306804905806e-01
7.057611394997583831e-01
4.548251333225762916e-01
1.886780047940348259e+00
6.855236159187405587e-02
9.693932345713556220e-01
8.834881016487008409e-01
2.463779363684048374e+00
2.822546389358820740e+00
1.245498556387129030e+00
2.692573600781109633e+00
9.105733544805401092e-01
4.644176182642654194e-01
1.850451062977244376e+00
6.660176485164259752e-01
3.389055671462913866e-01
4.796625192302987339e-01
1.076535643554619393e+00
2.368694331093377514e-01
1.642833992074267835e+00
1.280135284884699853e+00
4.768810167533925615e-01
4.254532525429471912e-01
6.101483280494738315e-01
3.417237356813054294e-01
3.274851407170483730e-01
7.231390410826259441e-01
1.978254451233745215e+00
2.516205801053950974e+00
1.998726263411947368e+00
1.133989985202798145e+00
9.986927122958446645e-01
1.247975440485050935e+00
6.049692524550883688e-01
4.357544622001764401e-01
2.201386751485419069e-01
1.428992597562060096e+00
3.623743358140789628e-01
9.360023053117754177e-01
5.132364552018354731e-01
1.522277634209039832e+00
1.047590269566256227e+00
2.265762399197774890e+00
1.107905151397589494e+00
8.282306878430552022e-01
7.708850436977049414e-01
4.066742637274621819e-01
1.168445318379138564e+00
1.880385686111526677e+00
2.342874719347854295e+00
9.358972060566983497e-01
1.032940731231750398e-01
1.814997772533095022e+00
5.455412809761526205e-01
1.257130259428484997e+00
6.144979503125739262e-01
2.850171180551299699e+00
1.592404073699517086e+00
1.386628425589531144e-01
1.233977412627611514e+00
8.919199008534715034e-01
1.571987133118636137e+00
8.057398204392524077e-01
4.820067359071547042e-01
4.692140961203706828e-01
2.620282760792629340e-01
7.759697358493058417e-01
3.075349767017745983e-01
2.543204177336966687e+00
3.047218644904008955e-01
5.028565991698665805e-01
1.098202042589313976e+00
1.131005086089059031e+00
2.985514997778344060e-01
1.889823211318374385e-01
1.381093072195282767e+00
2.234287329227129693e+00
2.020873459124831406e+00
2.210095927565103591e-01
1.647730376121627482e-01
9.774805265363986084e-01
3.153053253123803135e-01
2.205390556981134065e+00
8.599032070148973639e-02
1.126261163397925147e+00
1.541201023142393822e+00
7.425254439693125263e-01
4.599668416813472716e-01
1.216573919701227302e+00
2.380122163854244965e-01
7.267839746327376949e-01
1.780029949328763683e+00
4.830966788667118705e-01
1.093322563016378313e+00
6.618731062922654784e-01
7.359287597407897508e-01
1.116438873364825834e+00
6.674194750729515180e-01
2.178986522186223129e-01
9.044961821688234371e-01
1.446473406963858732e+00
5.861469340476290757e-01
7.443503254492630505e-01
8.473972864867805876e-01
9.879232531217506663e-01
4.860343814451303923e-01
1.676546394038878618e-01
1.504211403061231911e+00
1.406761140045403202e+00
3.919615468697813299e+00
3.804165962921498001e-01
3.786994941591429464e-01
1.726404570021619067e+00
1.791239848592096062e-01
6.747008538731882332e-01
6.384065229166897559e-01
1.113315712036739624e+00
1.093865474973601426e+00
1.276789054086433062e+00
9.410908445666755773e-01
1.208234346793505276e+00
5.793203944619186307e-01
2.024739310733439268e+00
1.328718246070389020e+00
3.444458843322564801e-01
1.091850064861006109e+00
6.656092604652683598e-01
5.028710302659564757e-01
5.702822168714174467e-01
1.026990504280153704e+00
9.172685468687029609e-01
1.707637394876699299e-01
7.057999340314948800e-01
1.608183639476675753e+00
1.750485903110547969e+00
3.361278139678352539e-01
1.444490889115330523e+00
4.068225195024056662e-01
1.133876774349235061e+00
2.269625336986188235e-01
5.559308342311910511e-01
5.800140523727429498e-01
4.395553874562863617e-01
1.547643042163040716e+00
1.268276487443894318e+00
2.813646082581143126e+00
1.936456075084393991e-01
2.213461274904739984e-01
9.901106969759592147e-01
8.036540035422794492e-01
1.172414340614278849e+00
1.547133323013333284e+00
1.510094333187478766e+00
1.172261564161792391e+00
1.881476094792154941e-01
1.712596391947562025e-01
3.737221282584691551e+00
1.158399366735140823e-01
2.014911897812952657e-01
1.760047837522639380e+00
6.399629575224150546e-01
1.629385058758724858e+00
1.424540028252445911e-01
2.229451761528249976e-01
5.587309935435880170e-01
1.472035594856934360e+00
8.621784566351970991e-01
6.233443492594813451e-01
6.507524316748501958e-01
6.571343863914828054e-01
5.691607708900163765e-01
1.374161211320607867e+00
7.930239408711721172e-01
1.641179465469413623e+00
5.762912248890834643e-01
3.949103063559080695e-01
1.110862463244302711e+00
1.480340392626565693e+00
1.579718140200535137e+00
1.535765446806818924e+00
7.616731025070847538e-01
1.242273757425538694e+00
4.505761593975170509e-01
6.707755171063702893e-01
1.928347624331081089e+00
5.243891121993582427e-01
2.653840428834360332e-01
6.926158572698217775e-01
5.557055797303700473e-01
5.873057544871365110e-01
3.537924794583423016e-01
1.083481563464421260e+00
9.794491926639912194e-01
2.478350068427649378e-01
1.249713193422923974e+00
1.665109353567506778e+00
7.655323933210776977e-01
2.358537884460988554e+00
8.363808811393741438e-01
8.134642179314823807e-01
2.084279693413845447e+00
6.183906602539539499e-01
6.945943447353076783e-01
6.695899787537421544e-01
4.749018564532835107e+00
4.544823827382061587e+00
5.500479427329245663e-01
1.781478780656380323e+00
4.701078398009663206e-01
8.136118721630460904e-01
1.167475628632059115e+00
7.686446114861851253e-01
1.872124054574900942e+00
1.170640824245809952e+00
3.593195738077484824e-01
1.169588587711365202e+00
1.430636084948196496e+00
2.576137328382875680e+00
5.213560876639897756e-01
9.002454159431887426e-01
5.840113057861204826e-01
5.746076153754190452e-01
2.788722063815843311e-01
9.475221675024101398e-01
1.556946061830031813e-01
1.793748518527660263e+00
1.305908706054236923e+00
1.012841049375794222e+00
1.041349240279040522e+00
9.533177811667833401e-01
8.063215532584342427e-01
1.964595387284409078e+00
2.343626046909800253e-01
8.592687746748213229e-01
3.087355943419601845e-01
4.467962421129184625e-01
9.092480978856656293e-01
2.349934969850454802e+00
8.465879112455263478e-01
1.336122046257444573e+00
2.699134990789862076e+00
3.845054026291560012e-01
1.043587088614937652e+00
6.743902287992891154e-01
1.206689626005936322e+00
1.614176812190419419e+00
2.501477441364864607e+00
4.628697855109941139e-01
1.362993319747311416e+00
7.088754814344822019e-02
1.079784903086094261e-01
1.721704928281232228e+00
1.212025795823461621e-01
1.849958502479234213e-01
1.081299703988087169e+00
1.358290688666110579e+00
6.516843518326128626e-01
7.569507281632967821e-01
1.353353817030131134e+00
6.642257342005452037e-01
7.332114079828446762e-01
6.845158708469619713e-01
1.378534346964464863e+00
1.633139172812825057e+00
1.094506960894643832e+00
1.875486791059783609e-01
1.576183195643335422e+00
2.516550293503543867e-01
1.272606414708731704e+00
2.165235408781777338e+00
2.131454876509932816e-01
1.341771407215835543e+00
6.056730738399236369e-01
1.033664914298270121e+00
1.239211630098391970e+00
5.396081797199516750e-01
1.651541788242306685e+00
1.212042799876069887e+00
2.477474757784002612e+00
2.245432215125525710e-01
3.237826264128899068e-01
1.291793800264993131e+00
4.574161868896448047e-01
1.044100919627314106e+00
4.916306190348149752e-01
1.073959322038540609e+00
2.193624723229112838e+00
3.056377203803528064e-01
4.373000420014331313e-01
6.267639098813427845e-01
6.967819985473946431e-01
2.427280511977458310e+00
5.500963159781480094e-01
4.923158291930949115e-01
5.446004199801307566e-01
1.106532777012732227e+00
8.373577491109351900e-01
2.733693866219821800e-01
1.029534392488648198e+00
3.143596921232612917e+00
2.319220927425002188e+00
3.447078797996050992e-01
9.451383972794575872e-01
1.201638503420970450e+00
1.901230987764258362e+00
9.570854490309649298e-01
1.356045801406649431e+00
2.556671214683943760e-01
1.206314953833937498e+00
4.825377102616615899e-01
1.395980502888859220e+00
3.042104109537772105e-01
4.222925968917794037e+00
1.214219928937982917e+00
1.416262039113996285e-01
1.147389419133206939e-01
1.512212494201054191e+00
2.594700510018567718e-01
1.332857576064834015e+00
9.807791640706677860e-01
6.334477323580476327e-01
2.741678207200681783e-01
2.170925098460576852e-01
7.283986497848339292e-01
1.818602031141244080e+00
1.434044025287790403e+00
9.409837260573440665e-02
1.619173851536700015e+00
6.028213717775654512e-01
3.965748351617333634e-01
9.071665705330455021e-01
5.470229181439469901e-01
1.171227232944598962e+00
1.134000447702269015e-01
1.309735599569770148e+00
1.288637697574148255e+00
2.365579807396336331e-01
1.609192183849837754e+00
9.752864615537643056e-01
2.222488305925459096e-01
5.232996675810310805e-01
2.689032142956114591e+00
6.978739383608884017e-02
2.875059334923388832e+00
1.361410979091371765e+00
8.727810053218800768e-01
1.919844343477920268e-01
4.442369815029287849e-01
3.590249574748021200e-01
2.138443722181804674e+00
1.577651464849896934e+00
1.283393885817033508e+00
7.161508532686760020e-01
3.304409359071276975e-01
1.143326746412179684e+00
1.201226596758844911e+00
2.223767337479922279e+00
4.072966895948145205e-01
8.144877342324307046e-01
6.011211357398749122e-01
5.182754316818281026e-01
3.221363473261115162e-01
1.792421081449235842e+00
1.372610979467507430e+00
8.488755031643496762e-01
1.364929768840357216e+00
4.252841969835548519e-01
3.149245482550852238e+00
8.494838095359247276e-01
1.287524825223017588e+00
1.574959516506089896e+00
5.588924051617215616e-01
7.895625368907083219e-01
2.513034760834383374e-01
9.243954223455836949e-01
3.789051767790987402e+00
6.743049370168813228e-01
4.371877696121695411e-01
7.892529696564660746e-01
9.997824949060150068e-01
5.395563029696527346e-01
1.260874154845748052e+00
7.683251083326423370e-01
2.914674444881297344e+00
6.993130916156078403e-01
4.432250916088783521e-01
1.618890616861458520e+00
1.740183396271842042e+00
1.282863126933932119e+00
1.616060844516531203e+00
1.600312387027497396e-01
9.528136087575256319e-01
1.430283143399363688e+00
2.432073896511544930e+00
2.007386582183732671e+00
4.797605593633592069e-01
2.972929774688287674e-01
6.247516815865410411e-01
1.337035751073223810e+00
1.138286333135003492e-01
6.567419288197264837e-01
9.255915201962073846e-01
5.696940816117802564e-01
1.294121383670141512e+00
3.455769457515031617e-01
7.266647287675090938e-01
6.412983775946261567e-01
6.735867070636458731e-01
3.038348534025614445e-01
8.797655429420336848e-01
1.152648800652773975e+00
3.747982436424438513e-01
4.236655690610338088e-01
2.535165610108290890e-01
1.289982027099777717e+00
1.523640879551510396e+00
1.565074404872355940e+00
1.732413902984775378e+00
2.914320957252179434e-01
2.513138737475348883e-01
9.646043867169920016e-01
1.381220104688322348e+00
1.897332081606970755e+00
1.190201558357821154e+00
5.014279034121359446e-01
2.923126053214526010e+00
3.944656262969095661e-01
1.694163938151633797e-01
3.159750187672690225e-01
1.183958634649181496e+00
5.157025628728024724e-01
4.482509008951008900e-01
1.238285303862796116e+00
6.879220867521360638e-01
5.302422844497685084e-01
1.793164312320265630e+00
2.237958985645736476e+00
3.376870776816250919e-01
2.366973360927169256e+00
6.243274771609372831e-01
7.377648832337101448e-01
2.526557819840910213e+00
2.056688252728626765e-01
1.456639332225690531e+00
6.973687551204805768e-01
8.752728891029273317e-01
3.841644241767786516e-01
1.899485009387837930e-01
7.677392778736582546e-01
3.774077926780036174e-01
1.913861932958323964e+00
3.951197744710251147e-02
1.295839490531220939e+00
8.903485146056193678e-01
5.246128146817471416e-01
2.180608552378614784e-01
2.486034049014596459e+00
5.656239652307566423e-01
1.095977342428082757e+00
8.608553056708680984e-01
4.030798166891770840e-01
1.702974837143252651e-01
1.842227791383417301e+00
1.104845987269360563e+00
4.892721665556208355e-01
6.520063213840644467e-01
6.493053007510768415e-01
1.600089447683759936e+00
4.665824267276469928e-01
2.274872242283827450e-01
1.050080064813693648e+00
3.064527647873360738e-01
2.669478390859205685e-01
1.875012834436511788e+00
1.878316651377170077e+00
5.730764813672946101e-01
1.267404132541832151e+00
8.511279019221610342e-01
2.712102123548870147e-01
2.412027842610307005e+00
1.429133087289710335e+00
7.171742734305155409e-01
8.084993639424058465e-01
2.093786254644929290e+00
4.814612379457119951e-01
6.506775093081472727e-01
2.176706711285216311e+00
3.260912447381630330e-01
3.569491985928030520e-01
5.690307674357985013e-01
1.721355188078562914e+00
1.628665319609172268e+00
2.149279754235445539e-01
5.312058560083435799e-01
9.894404881936158525e-01
1.206274387625385636e+00
4.718950159396541055e-01
2.116771792315756517e+00
2.145861865043953376e+00
1.496144218611711096e+00
1.058982270203737697e+00
1.997584987995459915e-01
1.636724724385446139e+00
1.127313705599040983e+00
1.598919528214736818e+00
1.935767788985939042e+00
2.297040721450585465e+00
4.695939359395187029e-01
9.374757701115428166e-01
5.564359016879570907e-01
9.819335973346234869e-01
6.865165962435421099e-01
6.911996240537617853e-01
2.103004414292621027e-01
6.557872308232634007e-01
3.852013992410276977e-01
1.358025214598662878e+00
2.838497272879325184e+00
1.123479155995970702e+00
6.044819722064594947e-01
1.489056854142480457e+00
1.401465727618794732e+00
1.386744791088218243e+00
4.697584651954704316e-01
1.153055468274768902e+00
1.974449786502624038e+00
1.274348548631257128e+00
1.932591964421779551e-01
8.069732209454694161e-02
6.477652806497166682e-02
6.781217693588340589e-01
2.125923232781115058e-01
8.217325394948575834e-01
1.368080194402305994e+00
5.662241953049234056e-01
2.580360604854119444e+00
1.205211452662796168e+00
1.357651415719977883e-01
4.308436223269859200e-01
3.529291349448303361e+00
8.380046552819107042e-01
3.734551824269775278e+00
9.211414187423411226e-02
1.232131189082671829e+00
1.257038951819386519e+00
2.432144613446272974e+00
1.132007430536481785e+00
1.189700862072879728e+00
6.291376647743442962e-01
2.235034369913067920e+00
2.469876680344251785e+00
8.325213429567346335e-01
3.402725601705398617e-01
3.246542841702009796e-01
8.942898095368422284e-01
1.908291512895652631e-01
8.815724212172962870e-01
6.859982006925143816e-01
2.567315116001591124e-01
