1.846297240681586516e+00
1.609686558373932819e+00
1.472493100503592389e+00
8.052181486262036669e-01
4.507509285337666372e-01
1.183298597425172183e+00
6.451850283228548477e-01
1.888193325332023109e+00
1.577977864548862463e+00
1.214926187608244224e+00
9.329807470929427637e-01
1.713828591115186706e+00
3.570830454647603291e-01
2.321684476513580231e-01
1.126913723484718410e+00
2.305021786595755184e+00
1.490039497008931180e-01
3.641384456238911937e-01
7.494879007745470778e-01
7.006537742029770310e-01
1.020609447813896953e+00
5.206752160962537790e-01
1.859254241335333457e+00
5.253655082934559628e-01
2.102914223841811037e+00
1.929798871718126474e+00
7.284215976684900173e-01
1.282122338156487684e+00
9.674630436330589056e-01
2.648867926722946464e+00
4.763835361552428704e-01
7.711664031243556927e-01
2.215190114625861906e+00
1.201099726707805404e+00
1.840247682659104544e+00
5.770936580070741284e-01
5.542428343060743501e-01
5.285884803293340317e-01
3.522257225402816161e-01
2.136643730258036111e+00
9.646895872570213082e-02
3.304603025772943070e-01
3.996247687507600288e-01
1.040161372110098403e+00
4.758514559827629054e-01
9.600610550687047606e-01
1.372281564781089980e+00
1.270135246502622106e+00
1.661742063798917091e+00
8.110626815611461371e-01
2.116066712676530681e+00
1.138746395048863658e+00
8.505808514080518412e-01
1.721673783518657519e+00
4.268405016435718458e-01
1.168208341801794559e+00
8.316509174698102358e-01
5.846680448459504742e-01
5.530302812857357253e-01
1.617968778817740150e+00
1.311691271403655712e+00
1.703464703755642740e+00
7.935157537212799150e-01
1.595901874053306857e+00
7.206860675271522521e-01
2.573181622646493194e-01
5.698229770460765398e-01
2.329029797633662691e-01
2.253842832894391357e+00
7.089532139001182287e-01
8.653849823278469966e-01
3.943010854090210904e-01
1.298243722631620578e+00
6.994437293459301319e-01
2.140631761928104559e+00
7.013655174728512520e-01
3.006947353892867603e-01
9.709336268232406919e-01
1.287705349714187930e+00
1.000930293889100042e+00
1.519661503229180477e-01
5.379944813107064849e-01
1.335407599026536274e-01
2.763153333472021966e+00
1.019867137427281190e+00
1.235171839479890371e-01
3.588066261357931164e-01
1.602152034254167079e+00
5.855941600139663583e-01
1.132937424206807986e+00
7.883693484487196423e-01
1.017585467575185865e+00
4.386122635478956200e-01
1.652128717529079971e+00
5.852425155622230646e-01
1.247612209780376791e+00
5.983641821484438905e-01
4.452476006268969444e-01
1.894831703477855012e+00
2.162010947423842033e+00
2.017564708121573958e+00
5.342373991007298706e-01
1.528086890991364077e+00
4.502541132665534018e-01
3.506925102797815441e-01
1.734771034648785015e+00
6.780711181326758430e-01
1.288468453074305797e+00
3.179245923404594443e-01
4.318424624389225475e-01
7.903517174374794507e-01
2.148668658510660467e+00
6.321484985764936892e-01
1.806438981089271589e+00
7.300732682164358112e-01
1.247011798138280669e+00
2.930436100793326615e-01
7.845359010065957595e-01
9.076789969381804379e-01
5.766473536822250834e-01
1.415506536794699954e+00
1.644336012554539872e+00
1.102915915588862594e+00
4.264677680189441489e-01
1.248810262709281416e+00
3.918752452189424140e+00
1.621867980551904509e+00
1.499190612799523370e+00
1.130730256550275037e+00
5.909971115552203891e-01
4.680582438762875830e-01
9.457982810823544195e-01
9.890335082437468062e-01
1.097954843576260497e+00
2.162814345402128968e-01
2.247592718746046270e+00
1.650365456572176481e-01
6.792449179217923128e-01
6.686936637303239062e-01
2.046665628531686654e+00
8.032484196924932762e-01
6.057894167795463414e-01
1.354474024955753197e+00
1.538244774307206741e+00
8.277761753268542133e-01
4.158412088972989196e-01
8.348325481611638121e-01
5.224508713216491351e-01
3.823016057728927386e-01
7.688685810495284878e-01
1.656320906938150372e+00
7.504482035737032319e-01
4.653768272645961712e-01
1.615116139159064268e+00
1.218518123598090863e+00
8.675435980160624005e-01
1.096198463469192363e+00
2.840770233193768424e-01
2.099348260147926304e+00
8.889391268663970891e-01
3.369247532113440746e-01
4.678818719217702871e+00
2.974839304063698009e+00
4.483288873926007945e-01
7.724727106367248464e-01
7.555836637286572621e-01
1.330966744400572166e+00
3.267977680330748091e-01
2.334510214659547778e+00
5.015711228580339576e-01
1.829387405963267987e+00
1.087259567911620151e+00
2.491274119424469191e+00
1.200987249159838566e+00
7.826230471889226159e-01
4.496194557225556832e-01
6.289734425384734262e-01
1.436272660017861469e+00
1.164577528136094609e+00
2.516032046648723153e+00
1.707531850904845605e+00
5.794216897429420587e-01
1.112545420734876611e+00
2.112984365673129528e+00
5.557898311414104509e-01
4.254087618464874598e-01
2.230286802502511101e+00
9.565327595228838575e-01
4.921229205106276705e-01
6.100796188885668769e-01
1.119774852121119046e+00
7.170061322732236286e-01
1.094075294175275381e+00
1.249653289914065990e+00
7.908325502132946827e-01
2.238323798833169231e+00
1.832258519419010856e+00
1.095930848680763514e+00
1.696520166083148817e+00
8.619900724532019165e-01
1.523531986434015995e+00
1.087112821585530131e+00
5.178738646464565720e-01
1.611850629327781004e+00
2.132996757130449783e-01
8.249454254251785690e-01
2.520684572963665659e-01
1.354611416574719396e+00
1.136579905714525385e+00
1.057114992611486670e+00
3.331690529408298795e-01
3.784398538102210496e-01
3.294741577628481188e+00
1.004540994735849235e+00
1.038439004119468434e+00
1.034941413543200017e+00
1.628566168178634976e+00
5.145726652665454370e-01
5.742541971337991047e-01
6.422269304111182242e-01
1.065347372565624617e+00
3.853647013279329903e-01
1.870142410706431946e+00
2.434751910394336250e+00
1.017570211468957764e+00
9.841213410475238010e-01
3.854630839720435409e-01
1.111707491326691555e+00
1.754629962073393168e+00
7.329229231099441133e-01
8.853300363422758057e-01
1.281255576199804347e+00
8.046550199634094902e-01
5.010430835136322480e-01
4.291549478719615118e-01
1.105318868959498158e+00
1.002209613761216422e+00
2.085795547270367756e+00
1.689167410254701185e+00
3.836436779055689694e-01
2.747197336232956033e+00
3.461754885632420953e-01
6.364034902512621938e-01
1.496579720131006708e+00
1.241390178336905237e+00
4.594026594710439726e-01
1.719548516440446484e+00
3.541662266147381777e-01
1.874536154453428249e+00
4.856598325947273365e-01
5.885744191570465578e-01
9.898603178891932641e-01
3.119669667178940342e-01
1.790661027708465358e+00
1.433146599519351527e+00
3.390422236900244579e-01
2.168348334899161234e+00
5.248045817603533836e-01
8.053623376476604090e-01
7.514436362217268295e-01
1.674606653416456314e+00
1.235438638654916765e+00
1.658303156554987945e+00
1.232712741249249788e+00
3.087444236078001891e-01
3.973780315067662050e-01
6.869712057888701651e-01
1.504572575132935519e+00
2.644817073824912712e-01
8.301802548506194146e-01
4.976457277588318684e-01
5.347084564331416878e-01
1.364003815996596147e+00
7.538440799454375618e-01
3.879721025584207394e-01
1.238688812055804833e+00
5.217322427168487042e-01
1.482178465823781544e+00
4.418475208387985798e-01
9.598901055993835918e-01
1.027005156440301326e+00
5.453722096033454259e-01
9.837807349308012039e-01
1.899864335000732041e+00
5.517743524933069743e-01
3.830453950394877571e-01
1.720762323188862020e+00
1.013887348689987755e+00
8.405105141242807942e-01
5.564727207715425283e-01
1.122908999007333319e+00
1.284398649222302291e+00
1.642861949845943470e-01
1.071857513093438907e+00
4.291924794188994308e-01
5.878394068946430906e-01
4.141602083619447261e-01
1.168898741254053242e+00
1.024557570128265427e+00
1.201168688547059160e+00
1.090278150703987814e+00
3.922328431568476992e-01
1.060983850576809218e+00
1.294791808222745644e+00
2.469689498913681724e+00
1.523647427200643278e+00
3.933758497301408363e-01
3.706674273064012315e-01
1.501305880008089177e+00
1.612898532556315434e+00
1.886592534254407649e+00
7.476119317683385113e-01
7.944321220490198066e-01
1.139855985101867475e+00
3.371339943573449793e-01
1.229589414997989349e+00
7.642069124674545355e-01
1.613761800081519593e-01
1.444080760561483601e+00
3.908027254301936204e-01
1.384276167975255545e+00
4.361155439288604274e-01
1.466592906428405119e+00
2.459627483507280110e-01
2.385210192364541903e+00
5.481774899843735449e-01
1.101342775273968178e+00
5.275682704562997261e-01
1.148509301562721685e+00
3.033474696803965531e-01
7.827160379725939254e-01
2.122256585669453077e-01
2.885634407861925599e-01
6.008973259955755486e-01
1.089052356257400822e+00
7.268277151642347222e-01
1.528990247154090598e-01
1.012641491143704719e+00
1.249285431878050412e+00
1.863494003327615056e+00
4.124302385026811790e-01
4.449086994708583154e-01
4.264199420952878294e-01
4.906651567885264020e-01
1.158501952583850469e+00
2.211208265571852349e-01
7.160186434821629309e-01
8.419616747717720839e-01
1.171235090717007266e+00
1.547756064721193869e+00
1.142928359155725326e+00
2.422669910111408254e-01
9.857038411248272847e-02
1.165381280110865614e+00
2.334697795604655290e+00
1.110441911815094995e+00
1.607382650956239889e+00
3.726330842117382969e-01
2.570458077071915981e-01
1.786715875557109534e+00
1.308825643432228958e+00
1.475544252746029183e+00
3.984147271174449667e-01
2.388150791410201812e+00
3.532675356685471280e-01
2.978554428357002015e-01
7.259916953070212342e-01
2.883474193660725549e-01
5.642406918534852434e-01
1.633671918214890217e+00
2.666644064965459915e-01
1.159848200046849076e+00
4.791763497336488098e-01
1.008192270680109415e+00
2.301139929902864534e+00
6.884574513448763478e-01
1.184329924214083229e+00
8.307690708861487083e-01
1.083962852254050757e+00
8.045798257822088795e-01
6.041636941237203962e-01
6.160101707899504619e-01
9.787917141350771510e-02
1.779552040103236532e+00
6.306308020068663867e-01
2.292608448414792832e+00
1.746151087703153859e+00
3.889786432183294784e-01
2.932935788314930292e+00
5.917498518372993344e-01
1.022779343751018866e+00
9.395918108043945782e-01
7.377980712377562034e-01
4.074875396478598866e-01
4.870981351736228815e-01
9.823017666314658447e-01
9.597485787800568158e-01
1.518646160080161067e+00
1.994099495163836333e-01
5.711831591075975378e-01
1.633502627163655463e-01
9.215292587118600887e-01
3.502519826310355189e-01
8.684322857394981554e-01
1.051624033614502185e+00
1.035832411586594004e+00
4.497018439701219172e-01
2.643024351916454795e-01
2.403031370719672655e+00
7.479184127414448824e-01
9.337327554351597669e-01
1.644683649569769479e-01
7.149045976128143298e-01
1.106688747751317647e+00
4.256003756046258246e-01
9.681189576997335511e-01
1.493396185884610761e+00
7.786800507868065768e-01
6.260816504441473196e-01
6.467573971148111722e-01
6.430617155782054617e-01
1.047521229176976876e+00
8.922298642633104127e-01
2.540455264838008986e+00
9.023290975177846729e-01
5.451222961885777707e-01
1.671005743901692098e+00
1.089802107918313556e+00
1.028539294906571033e+00
4.254857680783055152e-01
7.446630800957187990e-01
1.745974648153786557e+00
3.734392781937126427e-01
2.509388610639536665e+00
5.567212198559901015e-01
1.235896827715754487e+00
8.284421431317467999e-01
1.915888597891313438e-01
8.080985843296295545e-01
1.681257602345219926e+00
6.057222502349252080e-01
1.755770456708968696e+00
1.054755217271179379e+00
1.973334671756927339e+00
2.269918770637017857e+00
3.594439533178603874e-01
4.594011255737363575e-01
4.956250623327294602e-01
9.291931244081054198e-01
1.284330097927331549e+00
1.303730055920787390e+00
1.265075424332833931e+00
5.985798783891401742e-01
1.477922290904213787e+00
1.948838219809545247e-01
7.597807732498467193e-01
2.586752160693563951e-01
6.706040426580210934e-01
2.786254978626376833e-01
1.781588093693247554e+00
1.056227857688682326e+00
4.611207930095647667e-01
1.034668977460592609e+00
5.083117510310976028e-01
1.210929734228697541e+00
1.409228667755728859e+00
1.005341859507360214e+00
1.287971032996370502e+00
9.821402821117831694e-01
8.362297008603463144e-01
1.447393940103972154e+00
5.489988849412125171e-01
6.569954554968425731e-01
1.483250738641040511e+00
6.801364933986935313e-01
8.537751023221954449e-01
1.169141212275921493e+00
2.516977999112789188e+00
1.010975519037073944e+00
7.668969239577382302e-01
4.117849775722026151e-01
2.078751206196493229e+00
3.948998466899016346e-01
1.971062015098180575e+00
2.319199077217822147e+00
6.683278646001423740e-01
7.538233312406434905e-01
1.693270789143873412e+00
1.063265318848919172e+00
1.218726953493815657e+00
8.726058138897803129e-01
9.681442922094467551e-01
3.103302455003047466e-01
1.065822295384742713e+00
3.506867588239850342e-01
1.251360626449328217e+00
9.223387987170826863e-01
2.749254415431265919e-01
8.355359285540260306e-01
2.071399632267198587e+00
7.112548868970633986e-01
6.694125587123971322e-01
4.197210376454160174e-01
1.717559281646128033e+00
2.260411716535299931e+00
7.047565620355246141e-01
7.926346902005609873e-01
1.290158448914035638e+00
1.228310852720198909e+00
2.024240648098498685e+00
3.812771132341375990e-01
3.875066034631075573e-01
8.029433402828198840e-01
8.175679701791993548e-01
4.473490192267982057e-01
6.506966910784180991e-01
4.370469932129019131e-01
8.785637193932572808e-01
1.299985955734205723e+00
2.425935084782226137e-01
1.234620363292853629e+00
1.162752727104955142e+00
2.213325145497646140e+00
1.057650083965780086e+00
1.187263101798517795e+00
2.796295890185441779e-01
5.776944658844636038e-01
4.962489844067707878e-01
1.477970323958680554e+00
1.778003789713292981e+00
1.333397484898114049e+00
3.280107562021825629e-01
4.645689490612057160e-01
9.516612150987606711e-01
1.132684582077264190e+00
9.400742452476512634e-01
5.598021521363110153e-01
6.756988689724742203e-01
8.172629671831208586e-01
3.943430780336013575e-01
1.468727195702156596e+00
1.269145809821989879e+00
2.241207631498579822e+00
6.507426569658933957e-01
1.209854661141997134e+00
8.401209993372442675e-01
4.760728446345966480e-01
4.990846021703065905e-01
1.435025109390085651e+00
1.321797995944647086e+00
2.393995930869416700e-01
2.409441214693184008e-01
1.500533758085949687e+00
1.060261458085418829e+00
1.859166434480468810e+00
5.431805407005284581e-01
5.791838255359600396e-01
6.665049956148625387e-01
1.220024828037178377e+00
7.612862502239792217e-01
4.657254224833481393e-01
2.258264398964597575e-01
1.923475824755437602e-01
9.719497367892561135e-01
2.325596155442022805e+00
1.240485707248150771e+00
9.191398382279062362e-01
4.048898884517800334e-01
1.003823843809021482e-01
1.707904896042293341e+00
1.072250565386060339e+00
1.888187074681141553e+00
8.393401130859267090e-01
7.510579333993389062e-01
1.276771476148997220e+00
4.736957102276874165e-01
1.128216023389643219e+00
1.124669487261792167e+00
5.986019823091134340e-01
9.129175551542770828e-01
2.527517108031402060e+00
6.749108191520908351e-01
6.885932395782943249e-01
4.100178685769865217e-01
1.477941419454715799e+00
1.065118639411456902e+00
1.650067252564398901e-01
1.340788276265488577e+00
1.077486341794204661e+00
4.458772117536569102e-01
4.275191362008054496e-01
4.115185440945036133e-01
1.225064617138749590e+00
1.379994796323440909e+00
8.894497120448732197e-01
7.923480024424247592e-01
1.269692157428083945e+00
4.919063909416189206e-01
5.682027754294851629e-01
1.206320452049618019e+00
1.106424120764527563e+00
5.407424171862856843e-01
1.636387209980537660e-01
1.922930024881988054e+00
4.422128978863512083e-01
5.223125752616528672e-01
3.199580230838728889e-01
1.201063348900353933e+00
5.169924761395477963e-01
1.318031418435324564e+00
9.430431553535327804e-01
1.004377921636317783e+00
4.178287622053059036e-01
1.758812254734921643e+00
2.755440765350227750e-01
7.842199845214133935e-01
2.603845845175031815e-01
1.948227706688982153e+00
7.240721657590332150e-01
1.381049648673443819e+00
9.007465992074661365e-01
1.287935156357947308e+00
5.198743460276311623e-01
2.736017132999253310e-01
9.793406416378576118e-01
1.237590529763487490e+00
4.053055895703449041e-01
8.142463473020877807e-01
1.666894936457070431e+00
6.611105680240623172e-01
2.196427312439567903e+00
1.090771445570138720e+00
2.057155635960211892e+00
8.998917696337163097e-01
1.063769118632903465e+00
7.691730368837710330e-01
1.109929163159358634e+00
3.757922588143287057e-01
1.597615371263390260e+00
8.330819282084067634e-01
1.329059910826286606e+00
8.973761136733209298e-01
9.636039731744312498e-01
4.572650237655533911e-01
4.319872574752723349e-01
1.121093244648086795e+00
2.384705182514112731e-01
1.285806488974551076e+00
3.974234408384433315e-01
1.664228570525248196e+00
9.996570239758377774e-01
4.866881460639874701e-01
6.200651194346247230e-01
1.407556809335566816e+00
1.013989207163022765e+00
1.032509126521412801e+00
1.101406031418944220e+00
3.882774556192343796e-01
1.141050376626531193e+00
1.410369402600314626e+00
1.254925490653231224e+00
1.927347607972680787e+00
4.795455797057591729e-01
7.590040196382009663e-01
1.234674122384024075e+00
1.973945735142595970e+00
1.941640767919249999e+00
1.671593439746817733e+00
8.922825311669685400e-01
9.061001853848794640e-01
8.684233681912837399e-01
9.474611637445040646e-01
4.318369512488437478e-01
5.874893243505584506e-01
2.681665437301207877e+00
8.477233538178376993e-01
2.534191336849380694e+00
1.766719413772269931e+00
7.329337559069641905e-01
3.341783745950029916e-01
6.819514319448055639e-01
6.212511972133485383e-01
1.448923977145263553e+00
5.090008766366949100e-01
7.281827797398054969e-01
1.253513249411353669e+00
6.027520942036621587e-01
1.534386341098207485e+00
1.632299521452109659e+00
7.359617895105741159e-01
1.181639810276194025e+00
6.289962426897924841e-01
1.177151054123830587e+00
6.608063456519250867e-01
4.348821456342191194e-01
3.870783755579562668e-01
1.629248335267442060e+00
6.887182269013509828e-01
1.131948737452449283e+00
8.526085094301991685e-01
8.026823597855047288e-01
1.807444225617036215e+00
2.684287413481956097e-01
6.562697378757073041e-01
5.843492946613146888e-01
3.967085977779442052e-01
4.785309130408256229e-01
1.549973656869471084e+00
4.478775514428840476e-01
9.724217946220237163e-01
3.870529263968718325e-01
1.662347264836529170e+00
6.322628204542799502e-01
1.919154132398599444e+00
1.365297935548676289e+00
4.437698119206658909e-01
1.851303168337327110e+00
1.607318347232317812e+00
1.198902075080857665e+00
9.925759834450624819e-01
1.110657117827449358e+00
2.660395163496445559e+00
5.209382000256831402e-01
4.841676863974344602e-01
2.045966462255017326e+00
1.216619955561399458e+00
4.496619959021434521e-01
5.752647844893945539e-01
6.670309665777384156e-01
4.516386206304399131e-01
7.731702518534164792e-01
6.657370552592919433e-01
1.373234488558363164e+00
6.997069970927437543e-01
5.164998135034439830e-01
2.234092620947829011e-01
6.487100819750006853e-01
9.089882828568836004e-01
7.023269692144951115e-01
2.775235443517674483e+00
1.062538023635527518e+00
2.172431600538896612e-01
6.114157385965610647e-01
1.151837260124270346e+00
1.852802086704543605e+00
1.862104467616582382e-01
5.852156823883469805e-01
9.924508162643110865e-01
6.148014380250694799e-01
1.501457141807712281e+00
1.682660619985701489e+00
2.037258780598924623e+00
1.549576064011047638e+00
5.820975460110083821e-01
1.012013011005082230e+00
4.488133817850449292e-01
1.799932343131494195e+00
4.902616346253751978e-01
5.630209223636912785e-01
6.389446100700206799e-01
4.697710481572549002e-01
3.739306605595984934e+00
1.907931063134243321e-01
1.230729247565444551e+00
1.269537680454905670e+00
1.893921122727825423e+00
1.011507762459730175e+00
8.777977507124967715e-01
5.039664483972076114e-01
1.566552537891511498e+00
1.034610337238704769e+00
5.089251733827713231e-01
1.454276560833117626e+00
5.160923982603464744e-01
9.645532010819413138e-01
8.933288334156080923e-01
2.878715591469380719e-01
7.546416053725449880e-01
6.135682274135390024e-01
8.897001748855082326e-01
1.628737174371746310e-01
1.967790463127495393e+00
8.736157168739522305e-01
1.184862585940381630e+00
7.645710520960544709e-01
8.024368519622300244e-01
1.064845644270070002e+00
9.624632281285780966e-01
6.631406346617790826e-01
1.744151786723737496e+00
6.383662870646341636e-01
2.214488620913154904e+00
6.932027557273792162e-01
1.242445429371782151e+00
7.406832665972851171e-01
3.360538816273742624e-01
1.362274642761405641e+00
2.184935944320068657e+00
6.830517853539715967e-01
1.782559731444843809e+00
7.266070145577890882e-01
3.552014234638319334e-01
1.798225291518722735e-01
6.508096702885788343e-01
4.706800562966626522e-01
9.037883186262042345e-01
1.800119633901304250e-01
1.045623783063028833e+00
7.637070988332488319e-01
6.274579849985131297e-01
1.105608282640175188e+00
8.812818228448633384e-01
1.152545402704650002e+00
1.772327271124532366e+00
2.070568752984002447e+00
7.768331339361715937e-01
1.514719990177639808e+00
4.686465695235770834e-01
6.746398589884698982e-01
9.704451059773042676e-01
3.430216212808756548e-01
1.414923002042796085e+00
1.987131064793849156e+00
4.084830133130948893e-01
9.746965523590629399e-01
3.262903013340126002e+00
9.849691702998979448e-01
9.031992601751059890e-01
4.887728266272102218e-01
1.305034378016739049e+00
1.502430278169055278e+00
9.142184990821532464e-01
2.564928128082349379e-01
1.117056084538985417e+00
2.862498465096026679e-01
1.746491433747492938e-01
6.093060763715824057e-01
7.905140654209662499e-01
7.980805701553376208e-01
2.423787060373177593e-01
2.060796481953365511e+00
4.870789253123445350e-01
3.018720267451019401e-01
1.192276049361439938e+00
5.353625269360383632e-01
4.775809132504017507e-01
3.688598217709957439e-01
1.777342507700215180e+00
5.339550205135217276e-01
3.616145721711178651e-01
7.876107630141296889e-01
9.516676330565758679e-01
1.902475010268682432e-01
5.474953017583970016e-01
1.300115347022128276e+00
1.553637116128687934e+00
2.406082515193718740e-01
8.854918254325210292e-01
5.497380975739133424e-01
1.131216085527163795e+00
1.853734011722103503e+00
4.502094532904561408e-01
3.546081083273081580e-01
7.917680382081493384e-01
2.267692112517121661e+00
2.358007650870966865e-01
1.801174644246807066e+00
6.572914555036369899e-01
1.630511518179620145e+00
2.339622351233583419e+00
1.329905221736126686e+00
6.134821684664026886e-01
5.320362438660921622e-01
4.986157599103535620e-01
1.832654279385774077e+00
2.223206110322491824e+00
5.593446246639000030e-01
9.410952926193278945e-01
1.262165565612873408e+00
4.523512885851993515e-01
1.278063361298709788e+00
5.138538645420733797e-01
2.446154928689684982e-01
2.466922459566458503e-01
4.517342418247397018e-01
1.495342541104108580e+00
9.063279105627471965e-01
1.197554525411045567e+00
1.561391806786209591e+00
5.202401305321640024e-01
8.750542659722120309e-01
1.550798505463925059e+00
1.013242126452070568e+00
1.160908474979202909e+00
1.144139904722983658e+00
5.004609680183470521e-01
1.904007126130689009e+00
1.797173888301329070e+00
1.504410054290984400e+00
4.669341184906054543e-01
7.501867384637384006e-01
8.271678263408905885e-01
9.586126936252282738e-01
9.983965651668667007e-01
1.247268538149205241e+00
4.733005174438081331e-01
6.299770905114165931e-01
4.855390033418907070e-01
9.441258044748659373e-01
1.103772974252922534e+00
4.838821638678019177e-01
1.158525425588314617e+00
1.562672402112190495e+00
5.368464739058371737e-01
1.713337165970621800e+00
1.044433911291637429e+00
5.718220128821179804e-01
2.886192040176839946e+00
1.420459901163594330e+00
2.094190152712700759e-01
1.672314930516080933e+00
9.808735569284614542e-01
2.290924261244323468e+00
2.581451830654934554e+00
1.129614857991601440e+00
9.344121012764994294e-01
1.382181143114095123e+00
7.995487327305690339e-01
1.287225298447527422e+00
1.735870316603570718e+00
6.514377256147085848e-01
7.524730616274704076e-01
4.013496306932222146e-01
8.736516092474735373e-01
1.039353242089397611e+00
5.009537637370473639e-01
4.613240857911841131e-01
7.127933688256904432e-01
5.844781139412786874e-01
8.550565277000279352e-01
2.636148719867884571e-01
9.403768731531618741e-01
7.996668931564792082e-01
1.621994928281874415e+00
3.362262548304222332e-01
8.975262323900536909e-01
8.191426761799933676e-01
1.162552099537210504e+00
1.010103393673234651e+00
4.361257202944823219e-01
1.883206901230990660e+00
4.941496142240325851e-01
5.285673944741762220e-01
1.445076474458212301e+00
1.096693619601257552e+00
6.157088453207000267e-01
8.313237378278359735e-01
1.282894559129063028e+00
9.604123532399992946e-01
1.289700690733942778e+00
5.776814088478374742e-01
7.454223346611340562e-01
1.787334574072809268e+00
9.052093710888129419e-01
6.254816820480549877e-01
1.118893439758098518e+00
1.637886314078220718e-01
2.787395533783548096e+00
5.750474382162521492e-01
2.891011089007576307e-01
1.049667500982171875e+00
5.890191254884020733e-01
5.999915296816633603e-01
4.919022960650515364e-01
1.133672208774459289e+00
1.805901503500943139e+00
8.647933936444782699e-01
1.330505614561627414e+00
1.181696786775413788e+00
7.307888143552969673e-01
7.405614536087463673e-01
2.961489464504455382e-01
4.119664759248534702e-01
1.306692536768293555e+00
1.440386911526844838e+00
1.581883267679971228e+00
6.192056710474488357e-01
5.112250187260116707e-01
2.371919818756139442e+00
1.763926792239767893e+00
2.515896366424968944e-01
2.827344228575097151e-01
6.472947508766282443e-01
8.003085976927554190e-01
1.672471908386722772e+00
1.113949632269892076e+00
2.454838420454516501e-01
1.272855069959817342e-01
8.431726550795544117e-01
6.640938969002556647e-01
