9.245396960128382524e-01
4.132224189639635004e-01
3.777807947907985131e-01
2.530892814060806129e-01
7.037279065462622718e-01
1.299133487281314003e-01
6.054611630598168981e-01
1.381212391435265419e+00
1.596093692976088718e+00
2.749295955446226625e+00
1.032135576003508692e+00
5.102359218065158908e-01
1.354846378011714814e-01
3.195582543988432223e-01
6.441779837997326785e-01
1.066452970192918182e+00
1.069739232350395142e+00
1.706412472954648152e+00
8.797273561328829150e-02
4.688951575643157677e-01
1.798544697240164636e+00
1.898281896091160048e+00
2.081552459836400748e-01
6.487788993189809172e-01
7.822477795814788415e-01
9.783460831610588104e-02
2.082826444487890782e+00
2.583038016866323616e-01
1.080841330690023971e+00
8.994803165066890260e-01
3.978700226816838104e-01
8.930650043901641189e-01
3.047845054502834050e-01
1.129062384381944950e+00
3.433657935460762367e+00
1.924967899987397812e+00
7.167084561575440826e-01
8.533710107751507623e-01
1.052428751158122733e+00
5.386304879288156267e-01
5.458529822490574279e-01
1.684154637827287138e+00
3.655224463309204586e-01
3.892238780667502951e-01
2.876188428035925782e+00
3.223012916602592259e+00
2.017040191539342178e-02
6.618660559132737431e-01
2.598852584754831607e-01
1.523166901718405741e+00
2.434123467527881390e-01
6.915369738490021456e-01
1.383061732656498677e+00
1.600769822097491080e+00
2.849283647558134902e+00
1.171348986076730658e-01
6.107615130971159045e-01
2.857826551796905923e-01
2.764154198842697641e-01
1.410503467164107849e-01
2.433462123843160185e+00
2.144360377792251249e-01
3.373520833052459089e-01
4.853383188310950169e-01
3.196263929612204735e-01
4.715953422789969096e-01
5.337675139963510285e-01
2.270738707353009644e+00
4.395483290573189983e-01
4.717627910645033618e-01
6.747214504203552510e-02
2.649187258502628817e-01
2.552895250379980219e+00
1.805312818836841027e+00
7.065942258812909493e-01
6.778982523153731510e-01
2.109264372109835861e-01
1.539922823416163711e+00
5.281080121438717079e-01
4.167674068379115582e+00
3.103394598236443258e+00
5.968846964339238337e-01
1.915776894431808097e+00
9.196795128166336264e-01
1.321628124435292873e-01
1.584150936646326446e+00
3.871674985569696359e-01
6.422634066110156636e-01
4.867438613852270723e-01
4.721501375516899968e-01
7.689861971934187634e-01
5.327968080642716403e-02
1.078272887749665454e+00
4.601240368365748790e-01
1.781876555964011732e+00
1.235902615346766931e+00
1.594292289125265993e+00
6.329529092239254418e-01
1.608812711355414038e-01
9.417242824099683052e-01
4.601649187280606457e-01
1.210064961551274187e+00
1.664546771370636613e-01
1.312016534414583102e+00
4.290840555675911605e-01
6.779174318151214296e-01
1.760223360930901704e+00
1.310015715291874105e+00
1.675477798422037479e+00
3.662160302110800125e-01
4.144936707329976433e-01
1.494814045828823379e-01
1.292272142961035319e+00
3.981630321165271491e-01
9.523836409085781884e-01
1.220896096990898155e-01
2.111230640241897050e-01
7.188283010373599513e-01
1.518336853750698046e+00
4.810905024769486227e-01
1.285295913098582599e+00
3.289934196272947808e-01
6.764008871586423277e-01
1.885335765581144518e-01
9.909014017433575017e-01
4.442416863486123302e-01
3.798566464175398005e-01
2.638605283883136976e-01
1.128827588845816798e+00
3.945060482580853289e-01
4.085645871768046611e-01
5.420090053327693003e-01
3.263588652475838958e-01
1.119478176329393060e+00
1.251307399911493645e+00
9.147799559775763312e-01
2.801159991314848163e+00
2.513405046243907481e+00
9.556807240523966795e-01
9.090744787571368724e-01
3.708005212316173860e-01
1.097919622174371002e+00
1.763591595043045412e+00
2.857190249030907570e+00
1.346469858277304921e-01
6.220396595175438081e-01
2.514775050919957344e-01
1.725608520412755253e-02
4.039331612759344270e-01
1.137306451431253418e+00
4.704713963142982402e-01
8.254696085657752258e-01
8.847146548691353640e-01
4.216149901906127262e+00
4.310488748561668304e-01
7.940444749463653196e-01
1.732386198730421212e-01
5.206758208525155140e-01
3.342740150864174087e-01
5.528215484528911094e-01
1.927181875661981292e-01
1.562541715763466899e+00
1.009114108163783330e+00
1.497443411202987740e+00
1.342635467361757984e+00
1.047336013428715296e+00
1.302513702181076871e+00
2.170760419366005445e-01
1.177253170714714248e+00
6.082129245934334572e-01
2.876321357603668361e-01
9.727635119910903461e-01
8.764661058301006502e-01
1.226066409332099427e+00
3.690139412883773673e+00
7.521363254494675132e-01
2.648881033173489996e+00
1.402131692376124894e+00
8.796093228520912577e-01
4.231054834360434280e-01
1.574216333893896147e+00
1.721133982866719370e-01
1.389914169054763393e-01
1.045601226109199366e+00
8.673998104655645802e-01
1.732880683852372705e+00
2.448842456948307766e-01
6.357729217126523169e-01
9.995907846545820652e-01
5.025473479929412068e-01
5.650366450594757062e-01
5.939192350358599715e-01
2.220195594119055205e+00
8.197285615612646126e-01
9.188117280117291674e-01
7.460687130079255436e-01
6.386532686297800021e-01
7.737456130071709848e-02
2.698459342532671723e+00
1.607840183413208113e+00
6.463925637610239416e-01
1.796932917471039337e+00
3.491000862483581102e+00
1.634677019722551528e+00
1.653212573927258733e+00
2.438489068241847524e-01
1.756106121657060593e+00
1.998701334504264793e+00
2.319527278544252447e+00
7.009308342134890069e-01
1.251928090066562360e+00
2.707684681882676081e-01
3.159515840325064495e-01
1.420549962164836089e+00
1.987354246846763928e-01
2.207645940986075139e+00
2.356793759005926692e+00
2.437968661026161388e-01
9.742790662156927128e-01
3.301237047251193157e-01
7.975630025582686189e-01
5.729403330121046745e-01
9.797090058358985942e-01
3.211282137096417522e+00
4.488950503784967516e-01
9.030882038954871627e-01
2.461350111405958607e+00
1.187506363091060724e+00
2.593841124637576989e-01
1.315609787176793999e+00
1.284322155432970902e+00
2.787784817713764296e-01
1.414274333534215833e+00
1.837504001590233027e-01
1.574498627604974388e+00
6.795628362692913704e-01
6.419050373412504840e-01
3.362408219130526010e-01
1.646885338117658026e+00
1.836286437767875812e+00
8.798228708563843314e-01
6.865369902685735104e-01
5.311630355238192713e-01
1.856425763542306706e+00
3.159730026522746260e-01
2.321666313406074711e-01
5.978572486865277869e-01
2.062340718145713736e-01
7.974484455751194023e-01
6.374184775250653079e-01
1.399913949309489425e+00
1.128155533465657445e+00
1.457893719846910630e+00
8.286032490727708311e-01
1.200363349687660453e+00
6.057280805134290791e-01
1.311704535322852694e+00
6.763176279503400057e-01
1.243469105505169647e+00
1.233606785714410625e+00
1.606177896464173083e+00
8.651824727628447398e-02
1.933739625390196171e-01
4.555083912146563607e-01
1.209783967913288016e+00
2.128522314056366105e-01
2.900576085186379771e+00
1.039554072226552967e-01
1.829216916463458076e-01
3.353025324217236980e-01
3.758884522732092726e-01
3.222112590536568177e+00
8.330586467018800123e-01
2.903868394783350571e+00
2.428795593085631699e-01
6.642677958258278448e-01
1.669973953560870694e-01
2.389483481011151489e-01
8.616402891880297066e-01
2.222609040054468466e+00
2.507393561663938009e+00
5.449410604189834639e-02
7.296105300320578912e-01
9.907833248941537718e-01
1.373487946072840526e-01
1.645175834457065056e+00
8.127038242380116850e-01
1.478975377934675928e+00
8.219191201940106994e-01
3.023870136075953452e-01
4.162771289843048006e-01
1.236188990265857157e+00
1.173681185403046001e+00
2.928244475530110691e+00
9.390223106009036869e-01
4.896387196627562943e-01
1.192585099075321509e+00
1.513164433637976813e+00
1.687928967878487563e-01
4.395594309914114817e+00
1.458668899728203239e-01
2.203330925105081994e-01
1.241051466157197858e+00
2.332612085885771291e-01
1.742557906868662965e+00
4.484591986728621582e-01
6.806051604615229733e-01
2.264176334271297719e+00
3.915412059121810007e-01
1.080180704200832675e+00
3.318816085428558105e-01
6.429803453383655665e-01
5.744414686273636717e-01
1.371182502770331268e+00
6.279538612449657720e-01
1.411588608964975622e+00
4.699463670268765547e+00
1.126910935343802489e+00
9.192647258574017100e-01
8.520032178548238022e-01
1.618508418143794536e+00
2.108039538940843227e-01
3.936656652275842272e-01
7.673825738812782848e-01
2.921900938265046932e+00
1.798857847435991086e+00
2.228144187018171740e-01
5.222457008373512233e-01
1.530756463039166571e+00
1.558523765778168535e+00
8.002064831063758765e-01
6.791556265135709758e-01
2.755824587087736255e+00
1.259970892853788105e-01
3.208240669513249266e-01
1.717414875703990651e+00
6.536998555950320755e-01
4.068959100617257629e-01
4.858833450416716326e-01
4.324909145441061531e-01
1.212718511246995368e+00
1.250243182761735294e+00
4.495294727765210552e-01
7.412168760098899467e-01
3.252603447256885438e+00
3.423146153082992083e-01
3.885149315989712693e-01
2.465946034084717464e+00
4.083974638104386767e-01
1.751735455057081836e+00
1.371600617511842479e+00
3.376428039008087634e+00
7.352813315241957248e-02
1.221472082725767017e+00
1.721952302133868518e+00
3.492224269505873613e-01
7.272781826210890088e-01
8.368589991129058436e-01
9.623249077580656730e-01
4.190523879200958035e-01
2.025988344690439646e+00
1.743259144520159232e-01
3.019123905045820955e+00
4.681958705745185023e-01
2.995417608551842470e-01
2.106941745445094494e+00
1.543999078843180994e+00
1.799392892865205595e-01
1.062266596278880204e+00
2.479183708638056371e-01
1.369215012384080055e+00
3.456983762075219735e-01
4.529396406362137806e-01
1.979857531744095289e-01
2.473532175397490929e-01
1.013633920469423355e+00
1.070659848201345410e+00
9.093901555803797498e-02
9.131271864583317965e-01
2.564601606086331920e-01
9.259771125118549939e-01
3.757304247101854733e-01
2.450962213579683247e-01
2.179635979487452579e-01
2.694341423109268607e+00
1.317479975675803328e+00
5.164723651652300962e-01
9.815358735472069496e-01
1.693437912159933556e-01
1.579469771925456345e-01
1.166226714469741133e+00
5.927080197870536749e-01
1.064794911830783786e+00
5.076088297206179378e-01
3.219257869054443777e-01
2.830826081885391976e-01
2.222503115689544284e+00
1.681324324909242218e+00
8.751859144979297067e-01
7.564344505053169909e-01
8.415220895528531253e-01
1.136670087494070724e+00
4.268952100257369375e-01
9.584209204925827619e-01
1.570842404350289101e+00
1.347874679045345248e-01
1.168654857939533054e+00
5.804568823463026606e-01
1.895675134261929073e-01
9.625733109118810304e-01
2.435845461358958630e+00
1.911138860555973706e-01
2.339677563748508771e+00
1.182943978090245318e+00
8.972895800552178891e-02
4.984513328482443884e-01
1.675116894926825362e+00
1.158000228026164757e+00
6.312780305593404528e-02
2.752292772308619906e+00
1.499784139537433947e-01
3.277394690636647456e-01
2.072678076725744667e+00
1.055360498963488158e+00
2.181368053779181582e-01
3.479624188698980936e-01
1.999337275874820241e+00
4.801765815822802708e-01
1.529284240777648352e+00
1.889973806457527550e+00
8.781978531583746195e-01
1.821857214866904551e+00
5.007137421146843487e-02
2.246857856418480015e+00
8.786356419988212707e-01
8.897900890378990235e-01
5.801101041883026666e-01
2.987173572633155416e+00
7.750767001626120978e-01
8.532934278666591821e-01
1.116808787655629853e+00
2.461624798233180700e-01
8.044768647270799100e-01
1.247784299103171568e+00
5.444332240618360297e-01
9.057313736760087552e-01
2.306758393411452168e-01
2.979411803679322679e-01
9.324449645974618173e-02
2.158773853093690853e+00
2.495797109416537651e-01
1.870564827004922881e+00
3.326249855917820852e+00
2.461229050288332054e+00
1.633989725607659649e+00
3.356843830527935779e-01
3.015791764780034745e-02
2.130265721090522035e+00
5.135867943182186313e-01
1.085512150282843979e+00
4.093324097333546074e-01
8.031485218927120195e-01
8.054862713884947123e-02
1.225410847129428049e+00
1.215925787862484730e+00
2.504353623839004617e-01
9.077283391152088932e-01
1.426333343156163558e+00
1.648953044609171803e+00
1.219690721295265234e+00
3.914007185335495187e+00
6.846007360941713804e-01
1.184403584583457292e+00
4.088848660564647908e+00
4.270961854835451099e-01
3.970397451856808591e-01
7.344505553602982406e-01
1.222997443884746016e-01
1.402256224839684151e-01
5.367177359943777759e-01
6.013353996079392472e-01
8.320203138783681673e-01
2.884247582606330962e+00
6.205300504265959249e-01
3.615521332118789122e+00
7.795639686411098834e-01
2.511455303879607470e+00
1.079355798546896283e-01
1.006345871481445053e+00
4.699188943105847005e-01
3.559709718256651723e-01
3.110958623847821514e-01
1.949003525335796905e+00
4.871944347843946699e-01
2.487214588100000456e-01
3.362554978997208011e+00
2.302064001251705072e+00
5.699089607757156228e-01
1.430271769081691513e+00
1.481038616458350665e+00
3.119583323545599640e+00
4.899879867350305784e-01
1.401110270509727806e+00
2.740656081275857914e-01
9.730854057333572227e-01
1.914538341809766953e-01
1.650578192905269859e+00
1.149223714887736003e-01
1.068506942915685709e+00
4.449008684461805974e-01
1.455352503225231020e+00
1.243535771306460314e+00
5.205677351199718972e-01
6.144816453826621450e-01
1.546950368571090362e+00
4.035098742154710205e-01
1.571821593389636451e+00
5.887055062734430910e-01
3.003322292860231446e+00
5.846276315473639684e-01
2.612723754596251169e+00
2.191808484153207282e+00
4.302823922823176273e-01
1.640186023640681556e+00
8.764882866285321483e-02
1.409655403477703683e-01
7.862469418091265760e-01
1.066789996577659355e-01
1.855022911370075578e+00
1.642565685496457872e+00
1.008859732262794573e-01
9.282046939066367353e-01
1.576434519879057472e+00
3.689698182063417264e-01
1.543103951120680772e+00
2.546268600123995807e+00
4.807238712786833235e-01
5.588497398108620562e-01
1.976250668018801060e-01
7.029536134500403710e-01
1.541656590914942393e-01
1.135271869986800075e+00
8.675928281839431211e-01
8.438699594267715653e-01
1.308966016290607159e+00
7.634190291250650962e-01
1.337657675625603559e+00
3.110023599664759053e-01
4.040272730949351909e-01
2.645130149167786993e+00
3.119273984790419618e+00
2.544345049616562715e+00
1.330125716510581091e+00
1.558478401440239303e+00
2.338985980572678980e-02
1.473185183891466243e+00
2.436652749024561526e-01
2.834463745538191581e-01
1.263693561617528882e+00
1.037518988331799674e+00
1.802927200285827924e-01
1.261725240642930901e+00
9.128785334682155694e-01
1.624448388651705821e+00
1.365193113787799728e+00
5.000496519106213400e-01
7.218161212093077150e-01
1.724118981669758188e+00
1.814267658331581545e+00
1.049410499505516903e+00
2.181021094838516139e-01
1.545620703497543547e+00
1.164297009587195619e+00
5.425473677707789433e-01
3.983453922261949720e-01
3.299594737357730789e+00
1.195647722330876128e+00
4.593873319033957570e-01
8.422306409686367568e-01
7.101742185245788486e-01
1.290194170937174256e+00
2.160435058516022799e+00
1.541807190147828965e+00
7.205711490634464367e-01
4.719383617922347618e+00
6.859598445511123632e-01
1.386010831946247635e+00
1.840793360140938750e-01
2.392450000410506927e+00
3.562959303891137242e-01
5.780157773591652060e-01
1.455494488358309857e+00
2.539372835763805014e+00
1.103140834843666873e+00
1.162965226048429335e+00
5.166061964828915221e-01
9.349667900054461356e-01
7.727889396779487052e-01
1.113887525625815611e+00
9.647039243778253725e-01
1.488162919153449559e+00
2.099775148514918810e-01
1.566089002330965041e+00
1.295801253382725393e-01
8.702446878158631716e-01
5.503083552244435461e-01
1.213251136165740984e+00
2.399450278631816147e-01
1.165985447818818771e-01
1.109190440240900966e+00
9.830812796182547553e-01
6.277929278395055768e-01
6.398952706595226747e-01
6.265298654549915636e-01
5.783509905398063200e-01
2.976572978566138783e-01
9.177468012714762313e-02
1.721141516468094546e+00
1.127941504083970758e-01
4.324254462573502433e-01
2.668813489258885507e-01
2.098571681735538874e+00
1.100808051655498332e+00
1.338278534450320745e+00
3.945879569604109072e-02
4.205742613009204600e-01
6.442617440300376641e-01
2.708371607706206441e-01
9.328342530664809340e-01
2.990000802113314649e+00
4.263076350072156351e-01
1.968786694017477246e-01
1.085467743745582303e-01
1.536617632143522982e+00
4.279789553464788954e-01
2.304015264873415236e-01
2.203113351917990848e+00
1.277568648131649720e+00
1.867761923627940246e-01
9.425582824093309275e-01
6.977798003769745128e-01
7.644076211049328773e-01
1.479477008979097064e-01
1.709667359279174459e+00
3.195488516552661418e-01
2.167852638584215619e-01
1.233330140136865039e+00
4.419505554820751803e-01
9.284428894310398084e-02
7.961120890804930239e-01
6.389313094663140458e-01
7.466765976971851959e-01
6.054990837134009984e-01
2.136346225710474389e+00
2.908466071291128330e+00
6.030886666972193888e-01
9.423157893064240120e-01
2.287165814442948975e+00
4.222055839667764876e-01
2.455961850426314763e-01
8.710335231496528774e-01
9.036156899842324730e-01
1.049563458895198975e+00
1.277238336131085505e+00
1.611140114070294949e-01
7.807014195026688030e-01
6.739535732891828168e-01
5.664058811459762310e-01
1.400301910525360849e-01
8.526455647897522860e-01
1.451029817873586980e+00
3.735529880326117214e-01
3.118008718930830314e-01
9.044864823597353887e-01
1.644663318977078514e+00
1.394788413283055029e+00
3.090775771901885793e-01
2.142624964511908203e+00
1.404775922678720423e+00
6.633200519956727881e-01
4.147314958604934043e-01
2.422123375149637159e+00
1.429706229219343427e+00
6.862668079191993620e-01
9.389166456495601221e-01
3.002263271520925758e-01
2.162736713991662563e-01
1.712174253281260883e-01
8.960986366653688195e-01
7.651702617631140901e-01
6.553857713080711855e-01
3.229463626600003190e-01
8.517002584897472861e-01
1.689743738242611704e+00
4.398659315867222697e-01
3.138390511218829837e-01
1.096005200513345379e+00
2.863948713117059341e-01
7.371731933187719576e-01
4.602881720091228646e-01
1.121620649439382111e+00
2.597997835274965084e+00
1.771778080050841475e-01
4.275533565742767883e-01
4.121082848366437457e-01
5.151384982217916964e-01
3.923384807228080806e-02
3.703863918273538891e-01
9.783365138652528881e-01
1.041251813577563468e+00
2.351432922469774978e-01
1.575581743259467926e-01
8.676163008331062576e-01
1.329075657866635618e+00
4.988288458173691930e-01
4.323751860114319889e-01
7.147515277923189858e-01
1.035174685794270300e+00
5.247706904042285236e-01
1.284411936025901646e+00
2.216961936205691153e+00
1.370244531243521302e-01
9.990307065605990022e-01
6.650196512190333920e-01
2.461915863058425025e+00
3.588167727876946600e+00
2.816095665056947972e-01
3.276801184990426830e+00
6.649098333443005382e-01
3.296153310881178022e+00
1.684412718782917429e+00
4.119361602631454566e+00
3.493752953340898415e-01
3.195034359565974924e+00
3.997296964651931295e-01
2.344990667853196764e-01
2.379402110738648268e+00
3.810311565279017598e-01
2.970457441619939187e-01
1.519834430205257103e+00
7.297967134056562166e-01
5.110122876954302784e-01
1.004901639255513679e+00
5.396646535366501629e-01
7.490725590762643826e-02
3.888253924864325528e-01
2.352730753173646772e+00
6.331994954101927142e-01
2.170772369302529370e+00
3.305161741679183973e-01
1.023720626526533062e+00
1.752164548277125089e+00
1.467255646277819903e+00
1.384680510414335153e+00
1.284392376755169596e-01
1.163657636687640329e+00
1.862102110910805575e+00
1.316616816612426355e+00
5.364369828386404970e-01
3.013946413910584821e-01
4.382493857268962567e-02
4.476119983895976429e-01
5.609749159557810838e-01
3.377707473924591586e-01
1.703625764161746381e-01
2.384877049106651770e-01
1.948545264404567101e+00
4.758730850192432471e-01
7.949141146832305882e-01
1.267227113501992797e+00
2.151316934106311418e+00
2.488126504025867103e-01
1.261735142230507034e-01
1.587761497245132825e+00
4.740811295309814710e-01
4.632132290795649143e-01
4.287646392069706658e-01
3.672224067992390095e-01
3.898526079323695326e-01
6.723238694549761307e-01
1.791130697538349192e+00
5.617085136274941881e-01
3.065692433969712249e-01
1.598269570558228159e+00
8.822479089765946636e-01
3.199503141678329832e-01
5.053988999682811345e-01
7.306024864360810556e-01
1.220405837273450089e+00
2.748444867722698248e+00
9.827507012583958090e-01
3.687696523023011319e-01
2.753817856378013573e-01
7.582423798731068310e-01
1.357953505329133836e+00
1.353635535739957652e+00
9.929140257293698202e-01
3.102328077859121125e-01
9.813617570399950640e-01
3.309610360027456011e+00
3.397260449870831978e-01
4.191119642965379088e-01
8.914928876259427259e-02
1.700150941482160061e+00
1.423112620783434812e+00
6.929303531006810735e-01
1.516091956543995090e-01
1.606639822814775576e+00
2.758925760579383546e+00
3.103864199602638513e-02
1.051979702811036255e+00
9.057594532173421920e-01
4.473429674990022087e-01
1.445621242927598749e+00
6.505979796340175536e-01
1.723948619012255934e+00
6.772016781226249948e-01
1.921983098903329301e-01
4.263660066915056390e+00
4.415544623424840331e+00
1.104211386826452923e+00
1.793491333218633077e-01
9.570242694904407266e-01
5.534829367956172197e-01
4.482922833509965233e-01
8.418777064610007965e-01
2.933230445935477992e-01
1.635834491444692618e-01
1.002951221533316534e-01
2.528719358110056437e-01
4.761801691644439449e-01
3.908842255097330076e-01
1.237245640241951161e+00
7.039438542665135135e-01
1.014836092662319444e+00
2.226329161131445078e-01
6.994577612980341641e-01
1.809712545174392284e-01
1.895978476531116286e+00
6.563326445248478525e-01
7.376758738009058236e-01
1.762038620069425354e+00
1.071340867054177748e+00
4.524409089385645344e-01
1.677255732284035905e-01
2.645645347824350235e-01
4.517818746008022135e-01
1.398925206792525744e+00
1.272140520645773210e+00
4.201792742966154459e-01
5.258828770183242574e-01
1.814629964163953613e+00
1.211086444623679537e+00
1.417436729656079697e+00
7.053299697191277584e-01
5.346906439104524011e-01
1.151583214538754341e+00
1.038695918848890676e+00
1.688524951503274085e+00
1.401662445438325522e+00
1.682503793719971830e+00
1.193460879108170003e+00
1.058505916661568014e+00
7.734896602900208640e-01
3.364665892626325316e+00
2.705047867973821019e-01
4.444318005991007015e-01
2.049717470858535839e-01
9.518753842880893490e-02
7.061019153141485649e-01
2.565525352348519750e+00
8.620367616571710911e+00
1.371275404872992487e+00
5.251982971788723420e-01
1.026133854546374402e-01
7.889852968628192631e-01
3.195761225632472446e-01
8.813728761549289858e-01
1.295186081458032101e-01
6.856600741182741210e-01
1.246050174335618488e+00
1.325214031447359275e+00
6.507868494798603465e-02
7.288048342134969548e-01
3.585002412129312810e-01
2.263828510733429666e-01
6.116341513043860312e-01
8.341924859116092161e-01
4.690941571308024916e-01
1.589430563463328505e-01
1.191239797423638391e+00
4.400681751563993438e-01
2.301771669383342100e+00
3.443900534619680487e-01
5.182165803314460195e-01
1.608315476967227875e+00
7.423267792198319226e-01
1.086521983993597340e+00
3.998474837925365399e+00
3.149562804530071647e-01
2.355324729565589914e-01
6.051463260389670085e-01
2.358715766295229610e-01
4.759930250358123116e-01
1.437883710943709259e-01
2.143459636000099255e+00
2.287512708196214106e+00
5.736545141770400535e-01
9.495796159923906854e-02
2.781573866212170287e+00
7.889843808899672517e-01
2.399165876096859051e+00
1.066856587390320604e-01
2.055601850947953224e+00
2.956205708606736149e-01
7.743324139210902013e-01
1.214126846870077214e+00
2.675381387131967603e+00
1.276827650622884613e+00
1.016194806164499725e-01
2.323718671899483112e+00
5.237062555737513891e-01
1.191959822501684974e+00
1.290539897910455203e+00
1.191623195206150398e-01
1.358339439694653095e+00
2.588027512757472781e+00
3.600390403164864805e-01
8.028428818406586620e-01
1.331295251679427416e+00
5.832082426372612316e-01
6.556516040171901372e-01
2.855482084600294845e-01
4.755353443554435344e-01
2.782383763848354508e-01
4.202663895350031154e-01
5.454494805310730055e-01
2.146319680310138978e+00
3.906647517620614463e-01
3.774879193660625742e-01
5.529604615198717710e-01
1.593693630232070335e+00
3.960226760677150459e-02
3.205179290910504797e+00
5.110071457502765035e-01
9.066411927858104569e-01
1.515325737830598152e-01
1.051864016631479937e-01
4.435459209156649707e-01
2.183436750277349514e+00
7.999479098998408810e-01
1.549164943964509433e-01
1.129499407063069283e+00
5.113519351036853733e-01
1.212993364990384126e+00
1.590021960182397276e+00
2.624165104949728988e+00
1.028554912660714304e+00
1.816741443714272819e+00
3.505797029900559747e-01
2.023537010022832261e-01
2.069353663412648037e-01
3.327258855964712048e-01
1.287064699544589574e+00
2.005272118122496838e+00
9.997741941676991928e-01
1.222966812491632638e-01
1.047113616579148143e+00
2.531449880785322515e-01
2.042862718755809048e-01
3.111893725778560604e-01
3.383099101217990956e+00
2.549494533923387429e+00
4.537766812743885825e-01
4.749600848176441237e-01
1.190119797623541142e+00
3.085881427483139205e-01
8.789580938525307641e-01
1.159860993865379220e+00
5.838104126788696835e-01
1.279956609700194203e+00
2.479443061719452668e-01
6.204167051084073792e-02
4.380221870812630452e-02
1.760732865093722177e+00
6.206780666723306084e-01
5.974171967298673724e-01
1.800576122068325624e+00
2.488889158838076821e+00
2.470989564814790873e-01
5.649087879794254530e-01
5.978591417205512126e-01
3.841507198538979262e-01
1.752537514099799798e-01
3.864893756679405046e-01
2.011637102308880265e-01
3.382067066007983236e+00
1.095674923588315641e+00
3.784205308760402175e-01
8.550501550550120289e-01
