1.420979215808960028e+00
1.062289409317551225e+00
1.949891306460680984e-01
2.518285628176105684e-01
3.981839120517687847e-01
1.291002032795887100e+00
4.244906444586561411e-01
2.292846786501716305e-01
9.030940323521789992e-01
5.939282167707193860e-01
4.215599553362408547e-01
7.780220977829628293e-01
8.264618655887947529e-01
1.075833310615351035e+00
1.182108711721731042e+00
3.152564581351835482e-01
7.627230754164395776e-01
2.052757828758720038e+00
1.633093569273071033e+00
2.094067373710509994e+00
6.264243163009604043e-01
2.737624746935599873e+00
3.651186491663948597e-01
1.228523274124303732e+00
1.350354601207840677e+00
1.868867117149355161e+00
1.871584958517307773e-01
1.785517879468695668e+00
7.376801274058423230e-01
1.352624840584600863e+00
1.455547695812961173e+00
1.352312528496063315e+00
2.915830009619893581e-01
5.262064979852032476e-01
2.048392047499899005e-01
2.211496920692516355e+00
3.007759512737316676e+00
9.966271545916727259e-01
1.050625540096747246e+00
7.643414689101643567e-02
4.373149322334504707e-01
1.462042810768026779e+00
7.261199105612912152e-01
3.525296164756118733e-01
1.013983127502106507e+00
3.243439406180730344e-01
5.066834400347495215e-01
1.104698929289568365e+00
1.797051004943452934e+00
4.507593051934334349e-01
1.057537627666058189e+00
7.252450706125079805e-01
9.358166337210018781e-01
2.750365947752104745e-01
2.442328813524677233e+00
8.336443234985748685e-01
1.554582904683473821e+00
6.153661698362520305e-01
1.087682230838927122e+00
5.257141616307742238e-01
3.919842317463900772e-01
1.200650181358399182e+00
8.597512346260948179e-01
1.319126478824905968e+00
9.670719321848517680e-01
6.248455150757278309e-01
4.924131045413426833e-01
8.186857298962189056e-01
1.351134831353073329e+00
9.778758567601806284e-01
3.313821316764836156e-01
1.250055824364338930e+00
2.697037091000055176e-01
8.632935831347465783e-01
4.699186137293054344e-01
3.076425798587445470e-01
3.287430970579041656e-01
6.291649236598355621e-01
7.645801970691592508e-01
9.410500516663293791e-01
1.641500163029688375e+00
7.718943770362693968e-01
1.298820874851957630e+00
8.809136336723076832e-01
2.115910537235011546e+00
2.749356987802183960e-01
1.096564661651184380e+00
1.988108159305186806e+00
9.256937544394655548e-01
5.188604431812808837e-01
1.844056333463832020e+00
6.172818998786027134e-01
5.000062132169621476e-01
2.315468052625686113e+00
6.376429340556759584e-01
5.604324704516889799e-01
6.276912757868535753e-01
1.008308859353857390e+00
2.336357150358986168e+00
2.481762865740696267e+00
4.743932641831908326e-01
3.248137474302108529e-01
1.035056672322244298e+00
9.506832271788623334e-01
1.619179990309788320e+00
7.991786700351293238e-01
2.232667106306452265e+00
4.981322836560683753e-01
1.458921280730137937e+00
9.977318065198995112e-02
1.238506982242844279e+00
1.233194775976829138e+00
2.432059729048573704e+00
4.202724248907552251e-01
9.563017868321237458e-01
4.734972903867154526e-01
3.508905833597344981e-01
7.027296032801471082e-01
5.731027096015874900e-01
1.602857110668734375e+00
2.361714987218396455e+00
1.637747041154082872e+00
1.223699093651827274e+00
1.311739634008324940e+00
6.355958328545061597e-01
5.046549222273335467e-01
5.146837770308901883e-01
5.067417939856138087e-01
6.373599858955867337e-01
9.880746305684122710e-01
1.652154362648237673e-01
7.019240966443249796e-01
3.551417249088357209e-01
1.205355963290020593e+00
8.923675821981648104e-01
8.250633304729383388e-01
1.188557964775406761e+00
1.662382193627030880e+00
3.351595907159476972e-01
1.815996649417942921e+00
1.130817930923768699e+00
1.663995059089570017e+00
8.912029012572662001e-01
4.867066844801412051e-01
1.330725667883760011e+00
2.376256433668214374e+00
7.379277654981398760e-01
6.624515828771246340e-02
5.804733544106643883e-01
2.216550291497182190e+00
2.981032983311617257e-01
5.205109229121731573e-01
1.428780429116191630e+00
1.601110561050363978e+00
7.170748413923596631e-01
2.180140945295712562e+00
4.135278228222052377e-01
1.094727457216264410e+00
1.068035647919987063e+00
1.011735492142799675e+00
2.235005629666610982e+00
3.824854995203540442e-01
3.428788383218170921e-01
1.364488456044314901e+00
8.125419750374101024e-01
3.152068925509438069e-01
5.388132269314055423e-01
5.790531210077630719e-01
1.291986513758978328e+00
1.465292487119072007e+00
9.973770724068141691e-01
4.092787558169831974e-01
3.809322973166090476e-01
7.705277858613874820e-01
1.457583123654298207e+00
1.003995470345771857e+00
3.092456860095272320e-01
5.147809996380641184e-01
2.207943348613785162e+00
2.691791355535226415e+00
1.921176671488282306e+00
3.371659197724186097e-01
1.686188048690766550e+00
2.209240421429091161e-01
1.481762980891818016e+00
9.228446205431267702e-01
8.017101502635796129e-01
1.414086965951633301e+00
8.023295968154622315e-01
4.782433799124736762e-01
2.219608878145477027e-01
2.350603443012967420e-01
2.155699291225993963e-01
3.325174411476344294e-01
5.313989355757468003e-01
1.844696289314148530e+00
1.505592545754307787e+00
1.364891876034083573e+00
8.828813982163798979e-01
1.406730396000749117e+00
2.978296002188402514e-01
1.203693200276738207e+00
6.834960085797923135e-01
2.602956846617032305e+00
4.315971529957440822e+00
1.446269827455036516e+00
1.189994630775856654e+00
5.841348497189704503e-01
1.466631831582069223e+00
2.116392217971707346e-01
2.326383533592898623e+00
2.819596461088140771e-01
4.483775301180427109e-01
1.746066906110421701e+00
5.292135101717103662e-01
1.021128866433258953e+00
8.113307096543265207e-01
1.023449980313363206e+00
3.659616974117311239e-01
4.872813957266848295e-01
1.248070628436788176e+00
1.995189978468056013e+00
5.793127740895797073e-01
9.753405079974948322e-01
1.072964350611984585e+00
1.016654103480053806e+00
9.159972555113313764e-01
8.657313058158350172e-01
1.497170108027026991e+00
6.650127798021426839e-01
4.064062423135216262e-01
1.872320959510439309e+00
1.274775692336421073e+00
1.770828028091239403e+00
1.467910645568371475e+00
6.504327448181617122e-01
8.302036504095205993e-01
5.476466222300242492e-01
5.858242782976196272e-01
5.206094027484067244e-01
5.781753210143266708e-01
9.388251847106963144e-01
3.773143927461815039e-01
9.675447503406786609e-01
1.132541811236590146e+00
1.513338718760519397e+00
2.757435022587666040e+00
1.345493384221335020e+00
1.588050221019137176e-01
3.860937704192820563e-01
1.047571172428303221e+00
1.096475140687906080e+00
4.941907921871188658e-01
4.605750036597591190e-01
6.446830182408250787e-01
1.367430264230156789e+00
2.283460715596190571e+00
1.060929346165613074e+00
1.653026977554264754e+00
1.596084600549931842e+00
4.133509568367467746e-01
1.440126782703445185e+00
8.149166471534379230e-01
1.433473183451083433e+00
1.279224406570836026e+00
1.222251744826845732e+00
1.266887582514503618e+00
1.033113540149759535e+00
1.770993973220510220e+00
6.987773891801541959e-01
3.688376632721925286e-01
4.244501781842323629e-01
1.427631261057587198e+00
1.681475831476310301e+00
1.518192573112559618e+00
1.021806143144603496e+00
1.021959628952237908e+00
2.158141884580040859e+00
2.251612429183862951e-01
8.988528968304536626e-01
7.380691522793302317e-01
2.707410642315751126e+00
4.141783757840253877e-01
9.497472491388576632e-01
3.004462532886832626e+00
8.361669275367730192e-01
1.931233211388903914e+00
7.411942627321597143e-01
2.810714242204868540e+00
1.530426087155186243e+00
2.474537751659771523e+00
4.457970227101624716e-01
5.135016910408999324e-01
8.563315141049980816e-01
8.028317100597571754e-01
1.502159845418491013e+00
2.183452867646618945e+00
6.764600963676892231e-02
9.504372139737935488e-01
1.085436288035403596e+00
1.190421063511441169e+00
8.146017236203340062e-01
1.204261778560860030e+00
4.141734830224899633e-01
8.143065704266667648e-01
1.345944249891891431e+00
1.956832640526659395e+00
4.695563585446096422e-01
3.253707307535015358e-01
6.026831953360474170e-01
4.569617150882497314e-01
3.905350160163565398e-01
7.664336498104505901e-01
8.988065307162511619e-01
1.073912715993990963e+00
3.006679690982996811e-01
4.951564575784662137e-01
2.949907404546965872e-01
1.688838112850307438e-01
4.731815810501646680e-01
1.543793791184170372e+00
9.580779158357841663e-01
7.850365056688288767e-01
2.018984245693466129e+00
1.180148951196635931e-01
9.183439764088614510e-01
8.624398284979042373e-01
4.934397805055143471e-01
2.258735443255190045e+00
1.994950944694924733e+00
9.915343966173441048e-01
3.669731940027445849e-01
1.147697832655752759e+00
5.303427246187507604e-01
1.683405430116231782e+00
2.326338050078164077e+00
1.709919540510741687e+00
4.070583879491274648e-01
1.091724094120777089e+00
1.083803250370572457e-01
7.713226756344693236e-01
9.078200707899801714e-01
1.241509763706593272e+00
9.749520767517184661e-01
9.820910643900482295e-01
1.396249501656122938e+00
3.697576793070602719e-01
1.816367362175176081e-01
4.820612058498162655e-01
4.756179185784235874e-02
6.428084694143352262e-01
6.190853699371651198e-01
5.156429689536641270e-01
6.673480060202681141e-01
9.844856014779272968e-01
1.334410073582900924e-01
1.507531037515279282e+00
1.270007532131176120e+00
8.337760088204950737e-01
3.208211461913176299e-01
2.653406173034766891e+00
1.790728973819598613e+00
3.649850167800737788e-01
3.704221004765956837e-01
1.177754707048088267e+00
1.504001242974210895e+00
9.227273557665817139e-01
1.174969704785932656e+00
1.646190150170407707e+00
6.962687376993115240e-01
8.099706021202459638e-01
2.071410588470501857e+00
4.470317485783115163e-01
7.609364524522385098e-01
9.526449755716628331e-01
5.182277758650305488e-01
2.949205042372885721e+00
7.823056217223660624e-01
6.949382691813162927e-01
4.035277479672735312e-01
1.159259266028928703e+00
5.147502027824524262e-01
4.876379014786521582e-01
8.721188614646980808e-01
6.548819069810775106e-01
1.832411820654938239e+00
8.030736779144365123e-01
1.535213271479589636e+00
2.772889984617495363e-01
2.696856640710187381e-01
7.985629863479370982e-01
8.176479178335611941e-02
1.437143690213295910e+00
6.493867306231317915e-01
3.608823914471971372e-01
9.214540313456981435e-02
4.075085008876098702e-01
1.613228868508748137e-01
7.524943217892173797e-01
9.703683886570859674e-01
1.017251697086408724e+00
1.358227628279783161e+00
1.012882255709025570e+00
8.561821660934458844e-01
1.168033061995910060e+00
2.687412105833115739e-01
8.302506082257573583e-01
1.113986846045392554e+00
2.395064563382471312e-01
7.466841850161326510e-01
2.507037478878893499e-01
8.440015744275702891e-01
9.695866794981207182e-01
2.140339423417378484e+00
1.393440103543656994e+00
4.142368839434535377e-01
3.092334565880012764e-01
1.620429476487490028e+00
1.267565773869550050e+00
2.043235571907071169e+00
7.286317501678916120e-01
1.401547529143446935e+00
9.760106629487044216e-01
1.652295393482819064e+00
2.401243421551798873e-01
7.387937966466926465e-01
1.171207834345707521e+00
2.971199893346899934e+00
6.466093076020512642e-01
8.280143576165366337e-01
6.195043731242961815e-01
8.011693187537626271e-01
1.373679850289999615e+00
1.234261998893506851e+00
2.549980234891340292e-01
1.819415449612587832e+00
3.362144354713789141e-01
7.329343728470261166e-01
8.251178048662213271e-01
2.401280394384956995e+00
7.902263650862167976e-01
7.425644016426363736e-01
2.221926553621168310e+00
1.287405569414104001e+00
4.853840971246482505e-01
1.209454007333079506e+00
1.019681090249218824e+00
5.907575468400658725e-01
1.850624882935458571e+00
1.230424005664184195e+00
1.521716925909669449e+00
9.386714762380623522e-01
2.117070824551671171e-01
5.786369200728921358e-01
1.578983810570477653e+00
1.877129949788676644e+00
6.679117627752778619e-01
4.135849157277132759e-01
4.056792136800197568e+00
1.097626807814381600e+00
3.845844365466317694e-01
1.198534881092167881e+00
5.576658017683132629e-01
1.196507218783257886e-01
6.086736396362366630e-01
5.797495986734544360e-01
1.047671480385238274e+00
1.163359889924135526e+00
1.009268107103200807e+00
8.130093641832868423e-01
1.227646177425572249e+00
1.062846559790323164e+00
4.018594909239995294e-01
7.922805990802326281e-01
2.004979103012464181e-01
8.818218269034535650e-01
4.867865018038848857e-01
5.727186181043262270e-01
1.843857940995578870e+00
6.713580029889085754e-01
1.515697775611006604e+00
1.708047031545526062e+00
8.961753089484003620e-01
1.068340050512726958e+00
7.718066618302504844e-01
9.846314533537822156e-01
4.837491664422270965e-01
2.059494660806034716e+00
6.378592966200977710e-01
1.257358886942262721e+00
1.403308044714805192e+00
5.273957486020546259e-01
5.548795553297860561e-01
1.038888729197517513e+00
6.369574526727458386e-01
6.786120698224256120e-01
6.337681606782841204e-01
2.623613600879281194e+00
8.194604210090932206e-01
2.861471723430524694e+00
1.788142315444625430e+00
3.378087029569808442e-01
7.141549612023061488e-01
1.330005576911138965e+00
4.149838991339754868e-01
1.020815610548857499e+00
2.570492301521962730e-01
4.327758002504973334e-01
6.720612087314670191e-01
1.865052651001886996e+00
4.994477335864911383e-01
1.504828643732476212e-01
7.990647855742871730e-01
6.345581206220887172e-01
4.263249441554891050e-01
3.861315593364573195e-01
1.604774578494033932e+00
1.096347107804155563e+00
1.180633438903376575e+00
8.642750971789470160e-01
6.388293000156174406e-01
1.440592399564780468e+00
1.128591325084268071e+00
1.180382118748561915e+00
1.214480548200100651e+00
1.095252904034297314e+00
9.641327766113014786e-01
2.042778436482434401e+00
6.104407258549221504e-01
2.609882392912780680e-01
4.267927040491075186e-01
1.098472485992517012e+00
8.251089034593188654e-01
3.515291871036964055e-01
1.426009492313717320e-01
5.776592544228210668e-01
1.350881246378963452e+00
9.989436812180907399e-01
2.776103867608422648e-01
9.027939688223415304e-01
2.486500365010932079e+00
9.157921827165560469e-01
1.966967581647406371e-01
1.137361209419945673e+00
6.282733740681898382e-01
1.440291328426541728e-01
6.104605954662982725e-01
5.617215696502478872e-01
2.394555363170648155e-01
1.590800392700944865e+00
4.776547455063712699e-01
5.543855642882073997e-01
6.693815767052155863e-01
5.308173188183061830e-01
3.797540627729362739e-01
9.963070945106662357e-01
4.384828632506363455e-01
6.641767850372404247e-01
3.230245033129677257e-01
3.449034838825179028e-01
1.088937214416615840e+00
2.322475098720745645e+00
5.532718207927280751e-01
5.757140794916555393e-01
9.177214643915800885e-01
2.821390249534352801e+00
2.035567270214010405e-01
1.186466637857959139e+00
7.220047531201023716e-01
6.379445650198111162e-01
7.976926029453154099e-01
2.763279695044366768e+00
1.265530650795794188e+00
2.421713421960396850e+00
1.048435243255256832e+00
1.798163771714423653e+00
1.112572959311089793e+00
3.495804894491404413e-01
2.011763329204628192e+00
1.410920025579993409e+00
2.421844309272030982e-01
1.589675698083572009e+00
5.029526830805901572e-01
4.179011005516480304e-01
1.398851020634175324e+00
2.375046747180018070e+00
5.764626137791251104e-01
1.397047031836195607e+00
4.539094224446912351e-01
4.218981615820714404e-01
7.877138741413185485e-01
2.036773510628237638e+00
1.234904938902811500e+00
2.363981947852823229e+00
3.806930429738047961e-01
2.089517309913503373e-01
1.685121422190513085e-01
2.520407990742313808e-01
1.421360306290348374e+00
6.830024360742468215e-01
7.743234680898211097e-01
1.215767616670353046e+00
6.431837968505433878e-01
1.493453621132053266e+00
2.912336487544456287e-01
3.781814748745655486e-01
2.729451819132047707e-01
6.781271858062399849e-01
1.089521776878605408e+00
9.532481268634229732e-01
1.853017361606072111e+00
4.369641025912115451e-01
5.575555955937423480e-01
1.803324925780362076e+00
1.394775687097574934e+00
1.480936515524797770e+00
2.383594596352728856e-01
1.194854565617271103e+00
9.027763813016379535e-01
7.415800040982230001e-01
4.581508903943884992e-01
7.660316150382486811e-01
9.694442439246406806e-01
5.655678897247481407e-01
4.345692815216627425e-01
3.432130743750401169e-01
2.527417921648587029e-01
6.025075604495077064e-01
1.486858562934669559e+00
7.595580904318535720e-02
6.059981320034307783e-01
1.422347309484194744e+00
6.954481122854407893e-01
7.679158234079805356e-02
7.825289447483650962e-01
1.481342435028861093e+00
2.452522111266298488e+00
2.360128157997427589e+00
4.595085134798936322e-01
1.952926590572818533e-01
9.632610770047256299e-01
6.399261126056021709e-01
2.642053249976334062e+00
1.970852221096199397e+00
1.773118591910767039e+00
1.974687470358597485e+00
2.468094874397812610e+00
1.338520469488102105e+00
9.698682878151243525e-01
4.872235402799434678e-01
1.130079210668390122e+00
2.671986275395175081e-01
7.800353881166224301e-01
2.068408995335162537e-01
8.469188884614694546e-01
4.617654533982034626e-01
9.503711216805328377e-01
7.554917375081491304e-01
7.791409684796848367e-01
1.628723687398232700e+00
1.552111736031178690e+00
1.977968704035210523e+00
2.339476502049387951e-01
4.161381351491731939e-01
1.148331110682724310e+00
1.680060436737038920e-01
7.972671063906482392e-01
1.996157338803935255e-01
2.119155965454928570e+00
1.164872289248491510e+00
8.173710261168761759e-01
5.612195691749466420e-02
8.254755470996670841e-01
9.420625391437114082e-01
9.379850513661690536e-01
6.510754231631195044e-01
1.318043951111892431e+00
3.120096611634630146e-01
1.108611069905196977e+00
2.211268920562755314e-01
5.162257032794862477e-01
7.803768672123951866e-01
1.433381513114195593e+00
9.301596418264703736e-01
1.042277556697441376e+00
2.330307610222082548e+00
5.121515098911447739e-01
4.342324771484706858e-01
1.143027496806454879e+00
1.713081374524972667e+00
8.035543197608057131e-01
5.607082087399229975e-01
1.200491404066529988e+00
1.633144305340659796e+00
1.963130972087300807e-01
6.647734334021990765e-01
1.340968806396498181e+00
2.555789166216428931e-01
7.367685404319617160e-01
3.578950994866915147e-01
1.674409939904277556e+00
3.526814775116873246e-01
2.423211320376028599e-01
9.597142742872517562e-01
9.835881333346829791e-01
3.308032255733727167e-01
1.462758627154484570e-01
6.442774311565433454e-01
8.230970608544112554e-01
9.439161600061930502e-01
1.020709118394068193e+00
7.559694407119132986e-01
8.305231881210932698e-01
1.752849115947801906e+00
1.586339053428852175e+00
1.317927675178302893e+00
5.447719956323228141e-01
1.549172716864608779e+00
2.197692567915855211e+00
6.989751381688092957e-01
5.906422342732526864e-01
7.683251005837036240e-01
1.085888545533637117e+00
2.109986530598392473e+00
6.685006762895622234e-01
8.600057487001792067e-01
2.433016623351398622e-01
8.689431177229228753e-01
3.021318491310948318e+00
7.413355431118071603e-01
1.055672947279783447e+00
1.018297523410204075e+00
4.833305122907522455e-01
4.935919597248019097e-01
1.346870941111032671e+00
1.582807375002680539e+00
6.581991446203487861e-01
1.761011288878553405e+00
1.626699054379015796e-01
1.365339771464479490e+00
3.289259309150194821e-01
8.218396677292874042e-01
1.315354367819568715e+00
6.085884316505166813e-01
7.302496840811982803e-01
1.010820817866886268e+00
1.122298277807537159e-01
5.043001691069600945e+00
1.941737584650056192e+00
4.002672471333232340e-01
3.913905322034010870e-01
1.865764258905877604e+00
1.741123576412415108e+00
1.050405510144335253e+00
2.786062035751244892e+00
7.451234776166041351e-01
1.208436703800550127e+00
1.124344315733730060e+00
6.395187216593430923e-01
4.586327348401715298e-01
1.639572563745186784e+00
1.802768087744159864e+00
1.004499070538495520e+00
1.105073078034982670e+00
8.797471350582988237e-01
8.687496254673040541e-01
1.726858690017634701e-01
1.793881855767437639e+00
1.233415853991209676e+00
1.126616576618158172e+00
7.115063434548731802e-01
1.615832943595223004e+00
1.328927439272612032e+00
1.345307844022737953e+00
1.761845448581036644e+00
1.871028440762583234e+00
2.514106418744996851e-01
5.790157546356196061e-01
8.433863719480478860e-01
6.610659038447337377e-01
2.805246876065087824e-01
1.893064299410752938e+00
2.776650929360114262e+00
1.719931844658830755e-01
1.230410181601768294e+00
6.812170745024350715e-01
5.655009683023304312e-01
5.300249255317036612e-01
1.521984297292978461e+00
1.436479688371136820e+00
1.051886338724882020e+00
4.636622990111017861e-01
5.237333008591259498e-01
2.297187365596853326e-01
4.829552871602931230e-01
3.727140421430698014e-01
1.813526685379432513e+00
1.208204651377304595e+00
2.151952250278178713e+00
1.766170709693278162e+00
1.224880449905238144e+00
1.161160640585047643e+00
7.740967180085116250e-02
1.236047611001918733e+00
1.059783149086646059e+00
1.475960427104342498e+00
5.573740881840414385e-01
7.076629137267136382e-01
1.985029455360818540e+00
1.145281876746870875e+00
6.900144517984160286e-01
4.450672190544657791e-01
7.008663298819364229e-01
8.132550507634657144e-01
6.942003421050549905e-01
6.036478423100641866e-01
1.880436950514613459e+00
5.789471392131414484e-01
1.066871719388146289e+00
2.407512105800860613e+00
9.438459241677243927e-01
2.182040099068778272e+00
6.567138967987992126e-01
2.349925450171634012e+00
7.197779302111625421e-01
1.321255760273746915e+00
5.794737947736773309e-01
2.064613009550101186e+00
5.157019835919307571e-01
8.679613888783226372e-01
2.883836778491271069e-01
2.206861243353840152e+00
7.727193757981101196e-01
1.505582876003995318e+00
2.094631178485881762e+00
1.617471215805742268e+00
6.167626456367248933e-01
1.012527854499498225e+00
1.940312507931195363e+00
7.843321661113514809e-01
1.594790932694596153e+00
1.417696545968538002e+00
6.419596109364075209e-01
7.276114667413635662e-01
1.229526300040504783e+00
7.115574142005945957e-01
1.064185254814716375e+00
8.051469943577420629e-01
1.456675667254866136e-01
6.322413681433007859e-01
5.707946656892988191e-01
1.834439934422201102e+00
7.851893832731172695e-01
1.675139965763882799e+00
5.955672129837998874e-01
1.208361586355246375e+00
2.773625670753059880e-01
1.346721277585027243e+00
5.115783028849680836e-01
2.186104375092839947e-01
8.731022381526161169e-01
1.811710935090262931e+00
4.580803947749825800e-01
2.079687719958731862e-01
1.373406712587540879e+00
7.598953192189830119e-01
3.209598512852517294e-01
2.689009015406734759e-01
1.259292089458825092e+00
3.642140920029866002e-01
2.200774540782117317e+00
2.431452568751029109e+00
1.810549733096415981e+00
5.071053729212515737e-01
1.655030399657722695e+00
5.342260225167514420e-01
5.670162871781155856e-01
2.303199352518070953e+00
4.699515308580887174e-01
7.209950064766520450e-01
1.760546036789541358e+00
8.509610210825548915e-01
1.971029766955170848e+00
5.298300378725954163e-01
8.754766009615873035e-01
1.724644574166690481e+00
1.001532810308559895e+00
4.116425050610110770e-01
1.041573698793570313e-01
5.229866768651223463e-01
2.365432671850804969e+00
5.253709889859814464e-01
1.005838237505370714e+00
2.371436032510831904e+00
3.209254727777999250e-01
1.655596752990177389e+00
7.609682117420183411e-01
2.483360282759801141e-01
6.307234744723855258e-01
2.663637176897615699e+00
2.827569778165907599e-01
4.681802885244991663e-01
1.360830223757240498e+00
1.309540600762098217e+00
6.289826665357142188e-01
7.996959575103259610e-01
1.332912072070822740e+00
1.476224545685388190e+00
9.670818304636077389e-01
1.232025910574614080e+00
6.037863398869975917e-01
1.345965719076395617e+00
3.495468516575080398e-01
4.381956425191253501e-01
1.818083472754978169e+00
5.287269133153122969e-01
8.840724624178758484e-01
4.092485204610220584e-01
2.360576852285125149e+00
1.923869823210330843e+00
1.025290857499145059e+00
2.460986462374335493e-01
3.931961082217606540e-01
7.570473472486092259e-01
5.185161321776695642e-01
8.500347255390816592e-01
1.547836249716559642e+00
3.335426516892739945e-01
4.132047990747698685e-01
4.916831896519274769e-01
6.694085963440158382e-01
1.448009624930761685e+00
7.239192771883115052e-01
4.517115506508628808e-01
7.594784858274585826e-01
9.181777653266045558e-01
3.856340878177219600e-01
3.633221517082718677e-01
3.213941531681631103e-01
6.105309415733664036e-01
1.001049902882961584e+00
1.806879000068069452e+00
6.009823310339510449e-01
1.444073701992202974e+00
5.728704817818277562e-01
5.224468844643344045e-01
1.122209024750994155e+00
4.042180642068871621e-01
2.091873264232011920e+00
6.895925552275785630e-01
1.100911853657296602e+00
4.913454957980769033e-01
3.686701555573733691e-01
6.783706007247967129e-01
1.769062830019462629e+00
2.557950536581630629e+00
2.462559802491362526e-01
1.423254602578041039e+00
1.879423527763384616e+00
8.620304649445822420e-01
1.319120855507448509e+00
6.251481718937234033e-01
9.917598765004376205e-01
1.046825694201193979e+00
3.754736945237139301e-01
8.656535119289401337e-01
1.093625840577504782e+00
4.969249740826464645e-01
7.026126418429025078e-01
1.689270543201033981e+00
2.284399627682766054e-01
1.688212662895389293e+00
5.027466873938932768e-01
7.126729567750693661e-01
1.407233037823959032e+00
3.890906602928883018e-01
7.208010388812216007e-01
1.229986807107022573e+00
1.358587446095902651e+00
5.181884358911297284e-01
2.290172004186099564e+00
5.097845211139763189e-01
5.309630531695025413e-01
1.332273710913788545e+00
1.459368960321193898e+00
8.149918044559377739e-01
1.172025038697584343e+00
6.611065454182565304e-01
9.478558611062588568e-01
6.375269612404503849e-01
1.081345511716433228e+00
1.786250175529438433e+00
3.969658199246518526e-01
4.454612936846787941e-01
7.338487062189147370e-01
1.414017755251193165e-01
1.312699839355642162e+00
1.596123099300953863e+00
5.860947404855383347e-01
7.469307808484928479e-01
