1.001250487452417737e+00
1.015270210359926484e+00
1.388717530486836882e+00
1.325957060660061249e+00
7.471045050759927975e-01
1.804354626184195398e+00
5.295937511996957614e-01
6.200952608259591159e-01
8.269415805409718878e-01
1.036475268758907831e+00
1.261452949999591677e+00
1.797503614701684516e+00
1.217246458975308698e+00
1.042800619575897203e+00
1.009073545632051427e+00
7.180821924785570909e-01
1.463360128655803560e+00
8.893261088953817728e-01
1.176904774840958678e+00
8.802989539801244767e-01
1.966005185699023938e+00
1.059082531762976398e+00
7.941521367603052717e-01
1.519996764735145778e+00
7.796048061779921046e-01
1.174390121874544501e+00
8.131583682037193395e-01
1.324907926865048324e+00
1.149015843171236728e+00
1.232512069575833369e+00
8.003781778630357779e-01
7.910369278136042404e-01
1.120861031058306478e+00
9.357155527373293147e-01
1.264461154029067114e+00
9.101865707903509239e-01
2.376209743251872730e+00
1.277790765770507875e+00
1.816923600876144684e+00
6.448355326756353145e-01
8.820902676328390424e-01
8.221292725472167939e-01
3.813137592195252612e-01
8.370717107532814616e-01
1.049009318167799965e+00
1.030890350640060849e+00
7.846478326519921165e-01
9.510468202792006220e-01
1.041462948469746852e+00
6.988101897422080988e-01
7.116899001888121745e-01
2.582486214413705627e-01
2.520277286076822776e+00
4.965390720277825798e-01
6.315463116391333287e-01
9.853840686874550947e-01
4.232262747173832773e-01
1.124306296306275765e+00
1.044862244052663591e+00
9.218556263346314728e-01
5.067373110528411440e-01
1.950630017771343372e+00
3.948712711237429840e-01
5.890206622453181273e-01
7.664892143192302276e-01
8.942333564330784412e-01
1.365410452010551889e+00
4.519275220131491744e-01
5.259282011935191292e-01
1.049026313161454560e+00
7.494844933661262143e-01
1.171795373192126899e+00
6.563513332427897140e-01
1.165104296739476020e+00
1.076000055973096892e+00
2.107675693048502108e+00
4.215238505975357763e-01
1.724341506499195820e+00
1.347677957239509006e+00
1.536464126022062615e+00
1.818776736074413369e+00
5.383860249705051393e-01
5.573431238395287757e-01
3.511255950616557486e-01
9.306437981613234767e-01
9.734690295879562250e-01
2.231082733591102318e+00
7.632127257784715457e-01
6.459072973260240325e-01
1.349635281624813388e+00
4.827394875070191715e-01
8.971031472370289972e-01
1.000201221770234072e+00
2.459889412467663461e-01
1.994964440845380160e+00
5.627018075245842077e-01
6.388417167995931178e-01
8.614778346672367082e-01
7.116337939519065126e-01
1.192575486753882696e+00
1.596371631109705369e+00
1.590229916201888916e+00
1.443599336044154802e+00
5.123982076673986308e-01
5.643202961704278930e-01
1.285088652330453884e+00
1.947497454209465850e+00
8.737943273777866171e-01
1.020710406094111233e+00
2.937360966722171174e-01
6.989071737542125184e-01
1.276846515769181956e+00
1.253321335490699795e+00
9.632341633205177001e-01
5.664845966252541887e-01
4.170332717271785228e+00
2.255300637231111072e+00
6.754577515302857549e-01
9.061987942533936691e-01
6.523339909725794916e-01
1.977150312847771652e+00
7.465271894163391098e-01
1.210442216375564151e+00
6.512902956325020698e-01
9.702669488541710852e-01
2.081967525776819539e+00
5.806326090921968275e-01
5.339477510679198069e-01
7.650120630119510157e-01
1.336361860806798196e+00
1.092289575323783568e+00
1.192174475688428492e+00
1.057995895756818294e+00
1.695130305577547403e-01
1.370024105055424268e+00
1.095450741878680301e+00
1.152053500725682689e+00
1.290447178714324572e+00
6.140765933043197400e-01
1.467617528466147014e+00
1.350688960107386372e+00
1.195086468084749942e+00
8.630240419365671212e-01
4.304918281106429045e-01
9.758316456360935920e-01
3.664603504826445812e-01
1.441305355794892273e+00
8.032726957130859047e-01
7.252705702843862401e-01
4.657885967011509698e-01
8.824628854064602290e-01
3.717362362821847732e-01
1.240330537547719159e+00
7.767004785986957316e-01
7.930102734253425822e-01
1.222290292071535056e+00
6.223118082011888097e-01
1.044453093443003633e+00
5.337083487028557727e-01
1.701545782048816680e+00
8.036053520338617417e-01
6.938912217546171490e-01
7.307449996568323725e-01
1.634744450275101180e+00
1.528047832763589131e+00
5.697900068175896227e-01
4.932239044247133664e-01
2.287010410600380517e-01
1.009080925968816045e+00
5.482371835253680992e-01
1.287503679900020348e+00
1.425090345964781235e+00
8.076817498384192273e-01
8.526890909552837794e-01
1.646807171526743163e+00
5.375729149757988434e-01
1.417242008808663023e+00
1.478898321756405565e+00
1.925284644606313655e+00
1.258315037633524591e+00
1.650539419407641040e+00
1.242132764721108895e+00
9.027388858076088596e-01
1.092771803592456070e+00
9.607783679973711521e-01
1.136489054593433634e+00
1.562667561285613793e+00
4.218205849845152455e-01
9.405435449680925597e-01
6.244636555990396021e-01
2.409778350070238273e-01
3.479494188740313021e+00
7.790917987457253169e-01
5.339260734042408085e-01
6.985198239988834601e-01
1.492205277038479938e+00
1.218536011988763157e+00
8.744862249834404189e-01
7.611533666102399120e-01
1.333073643283211318e+00
1.812670558934242671e+00
4.973518287782860980e-01
6.197116240073263782e-01
1.048641045333302824e+00
7.263360938761410646e-01
7.033201618517155307e-01
1.010970715638979112e+00
1.102781411821294855e+00
1.443051329671594996e+00
1.188934568560108263e+00
6.173811950414711536e-01
1.463210297202587773e+00
5.445099344448476320e-01
8.393069635521315242e-01
8.634224287428577949e-01
1.565538102651634844e+00
1.066741431525152883e+00
2.208669144258911476e+00
9.684563884595795979e-01
1.833859317101018682e+00
1.448335695503347509e+00
1.395527472913620226e+00
5.646583146913644047e-01
1.082618433981620720e+00
6.921237670935215247e-01
9.682351444493797477e-01
7.617004950192116652e-01
7.143188143943735025e-01
9.306538687722252234e-01
1.392056171755128968e+00
8.097897917702759907e-01
6.497917809260574940e-01
6.920295026177943898e-01
8.790195651119017128e-01
6.916835714338384067e-01
4.509656261819410816e-01
4.408557867275708642e-01
3.203228487616048281e-01
1.035650060209724943e+00
9.912493774282230552e-01
7.738686120654539868e-01
5.187098717577529605e-01
8.409668084954414757e-01
3.213075820780793013e-01
9.311007077536702647e-01
3.317442206705442098e-01
1.194363315153450511e+00
8.996035734604252987e-01
1.171419732870955688e+00
1.597942293158997051e+00
1.309987351008225387e+00
1.209028767755316203e+00
6.460142833605503343e-01
6.406684758333575092e-01
1.181240120086274992e+00
1.057560212907168395e+00
5.472025936400705115e-01
1.353009834875125383e+00
7.971229639472541262e-01
9.753558998288387460e-01
3.483593528785398630e-01
7.329492763189980886e-01
5.798794582557160737e-01
8.004305623733970476e-01
1.661015859230296599e+00
5.374192658211200957e-01
1.013769689728380552e+00
7.788044466996899562e-01
6.910952585688050487e-01
1.269324408505803747e+00
3.946501703983342768e-01
4.837434296547343249e-01
4.113211541964737483e-01
1.583981544324243540e+00
2.047011749409771930e+00
1.438033142263577258e+00
8.855953740830664334e-01
7.681890645263107498e-01
9.751496569380211366e-01
4.324820762619797643e-01
5.016238148653242579e-01
1.052865522353486849e+00
5.986309081197226378e-01
1.199361167151138385e+00
8.082529188755371852e-01
1.433782389533231783e+00
8.534664724924938550e-01
7.753649666175865818e-01
9.161680816250352688e-01
6.788157541929837890e-01
1.213885124105789970e+00
6.014624287659301460e-01
1.032012978528108915e+00
1.047600266160104265e+00
1.146460883941495590e+00
9.665221904828349420e-01
6.826535092991715681e-01
7.503238694884850624e-01
9.763369548822755650e-01
9.712660050478740814e-01
9.735986443705242355e-01
2.029410190408416970e+00
6.841495260634050668e-01
6.646418724910656550e-01
1.806467861496124705e+00
1.307910165583348272e+00
6.699948248016495134e-01
1.768793413276472659e+00
9.182424372027172543e-01
1.030537754669949235e+00
1.045707705266819332e+00
8.879672291615845481e-01
1.109846378589891991e+00
1.452773860995123290e+00
4.452296273608191135e-01
2.814926446029243912e-01
1.866000991958807642e+00
1.100183028698145549e+00
1.182410853874900081e+00
5.641927733411439272e-01
1.206764173756519121e+00
7.857448018696645553e-01
1.516296420522602162e+00
1.835498615125974009e+00
1.026710796596969733e+00
1.170468791037119871e+00
6.452557574205525226e-01
3.946557762482820197e-01
1.437840165915870161e+00
4.915596713847709687e-01
1.270858206550542491e+00
2.166353353339173893e+00
9.805062141742948434e-01
1.375834126074989339e+00
6.830230226094060608e-01
1.967958290864866733e+00
2.104809902910993902e+00
5.513244774548193838e-01
9.528016353138530903e-01
5.276566090450331981e-01
1.496284053147306947e+00
1.213296969647479351e+00
7.676978575472515054e-01
1.398890928047861859e+00
4.540967693649435866e-01
1.544173601383435734e+00
1.511836426367445974e+00
7.419360800524830157e-01
1.428291032186670417e+00
5.733269157889413492e-01
2.810848918134818408e-01
5.975702988426403461e-01
1.143539088519319069e+00
5.669061125612818719e-01
5.663466568492225850e-01
1.010569820850508282e+00
1.398898418020071643e+00
7.427063888109868284e-01
1.232984593128243933e+00
5.969164871366637870e-01
6.996636864223466645e-01
7.672164325423842524e-01
1.895812610404189691e+00
8.841571388240736518e-01
1.105355551355267085e+00
2.145743547733901302e+00
9.430654550197882235e-01
9.995034599312351276e-01
8.048058204242529712e-01
1.324221273760479267e+00
6.316139437116482513e-01
7.094713598000121912e-01
7.212496960513045119e-01
6.769264616833005066e-01
9.097817217868451323e-01
1.411669263798100094e+00
9.576863557310850705e-01
3.078613053169744207e-01
4.259719509897392786e-01
3.547923306009704847e-01
1.285746828518450124e+00
6.276161009099041621e-01
7.566606233698350836e-01
1.559987317452516287e+00
7.009568196469908585e-01
5.295753331135222286e-01
1.806614086814430031e+00
1.376336016003158580e+00
5.189488106221291641e-01
1.536524514464038482e+00
7.235613655118595666e-01
1.148076731662068362e+00
1.470246466016300602e+00
4.504843905085553768e-01
1.253593044270921331e+00
5.138986811454476777e-01
9.640972052794405389e-01
1.397326863098824479e+00
9.451301039555350947e-01
8.501775046069786068e-01
5.694815089515071760e-01
1.000308630067598958e+00
1.274283578477081846e+00
1.690767919355032678e+00
1.082409667074694770e+00
2.129213115328030814e-01
2.267177742427599618e-01
8.472283193133604007e-01
6.872800746510150383e-01
1.305837614022881343e+00
5.621809644738939848e-01
6.631796833077111541e-01
1.009687558658515005e+00
6.796615140645690945e-01
3.870113207370077246e-01
1.399907458182718223e+00
8.180530246082270418e-01
1.064860627996667031e+00
5.705641325206757264e-01
1.547677164615788303e+00
8.842940140031612106e-01
7.631113583315607407e-01
8.390269896576547648e-01
1.280244171538524434e+00
1.969315408155091429e+00
3.030964538379076201e-01
4.635164497150493501e-01
1.098187317221689607e+00
1.306672212016858126e+00
8.124909212691608928e-01
4.668697311030135522e-01
1.317131537404989006e+00
1.276289518875761697e+00
1.116443017965869977e+00
1.291357797028763077e+00
1.271316136998613899e+00
1.402953470214568288e+00
5.908171133212821724e-01
1.678044733277999079e+00
5.407939950301093868e-01
5.961062236999767894e-01
1.609454257500518182e+00
5.615560487437618598e-01
1.079753311032427554e+00
8.417137504687801641e-01
1.467889195595803997e+00
4.128245474094086043e-01
7.955083549825696654e-01
6.505410730226183214e-01
6.492595599475908807e-01
2.073605450074275769e+00
4.181579712624718392e-01
1.253288494988844759e+00
3.759046881809682272e-01
6.283803926885057622e-01
1.193567450096449711e+00
1.061630822491683723e+00
1.669869713345308870e+00
9.713204563566932848e-01
7.145104523241126993e-01
3.786464907147735204e-01
1.820038226454368635e+00
5.504873750789767151e-01
3.174135823043179316e-01
9.119694699066114296e-01
1.292783886474035526e+00
4.026969762958104715e-01
1.022178509825350190e+00
5.442225241028122440e-01
1.233572108609731988e+00
1.097760171323617140e+00
1.014768425822974329e+00
1.170932124299336241e+00
1.575703183238557736e+00
1.221363123074247659e+00
6.677309279657172025e-01
2.075483502122156043e+00
1.439779447801694756e+00
1.742873676869879151e+00
4.059240775721632000e-01
2.525171829578071736e-01
6.253644329894363363e-01
6.674624210161754778e-01
9.162546878019359742e-01
1.967827019818769507e+00
1.800057093649128692e+00
1.199265242585787039e+00
7.941517626114555917e-01
1.139644251313945977e+00
1.587023879555259143e+00
1.113888728966442976e+00
1.691820088731416760e+00
2.178418045978117501e+00
4.852722296276902880e-01
1.209350195586044174e+00
8.880235588470576369e-01
4.216182369936312124e-01
8.136991323902194040e-01
4.828325637244442192e-01
5.400589648407811971e-01
8.443271563312209071e-01
7.479636912160902984e-01
8.088374755571288155e-01
2.136532119803055796e+00
2.797662961335725118e+00
5.164319020827300433e-01
9.347199627090736485e-01
9.205944087278697952e-01
9.120121946885944020e-01
1.236635430787230039e+00
1.401447106708721302e+00
1.082687001109730041e+00
1.485186872552362480e+00
1.921342861133070290e+00
9.143355860797279799e-01
1.716458825837107405e+00
2.416650246193435159e+00
5.525112439628081518e-01
1.573736870035599589e+00
1.344019516837783979e+00
1.029619930537673866e+00
7.114072873670964636e-01
1.420421901352888039e+00
9.307881071722760025e-01
1.079972178710614905e+00
3.966933400024285628e-01
7.717925979431654593e-01
9.250465239556004970e-01
1.142333102362435682e+00
9.160200561057862956e-01
8.875652387467891646e-01
9.384336508644844921e-01
1.282167197756979293e+00
2.026623090843445052e+00
5.476201424116668992e-01
9.769549752643720275e-01
5.601681897765268259e-01
1.064205369524764855e+00
1.241100497596414165e+00
4.750278874033591059e-01
6.410517577302667913e-01
1.134901438832484510e+00
1.345191386930664423e+00
7.992673864054635757e-01
8.380906456357569700e-01
2.461658265278766855e+00
7.455739950227654456e-01
4.992119873796027618e-01
8.785551998067906432e-01
4.139135116895949484e-01
9.362957666466489304e-01
9.600357850176535202e-01
6.396805369621566539e-01
5.491281377521878282e-01
1.123535587740214003e+00
1.214053590576792629e+00
6.903330966266643109e-01
7.255484823315686560e-01
1.838990087385224070e+00
6.642122754670074514e-01
3.226427961868054139e-01
7.679675981317963807e-01
1.553541297673642019e+00
1.404707317727020843e+00
6.197706370636296702e-01
7.065040527343788845e-01
9.420834173243959331e-01
4.332912017650549785e-01
1.278367321658397948e+00
6.462252987533004811e-01
1.481475035132143070e+00
1.468371129899543437e+00
4.963738643221361491e-01
5.247810770512834067e-01
1.872074441803342815e+00
1.186698361352604314e+00
1.148422966121786404e+00
8.812073780162460457e-01
1.113798535124133515e+00
1.052329460934207539e+00
5.244547298142171465e-01
1.332530785256259342e+00
7.281345826359865159e-01
6.182539328868170703e-01
2.673007979796859779e-01
1.752355005429512502e+00
3.902658525471942030e-01
5.998506419907623233e-01
7.848239195053287043e-01
4.002966494627975269e-01
1.067908348135461427e+00
4.077529567901205798e-01
1.318450542249287150e+00
6.536754271745379707e-01
1.618895326596352824e+00
1.277283958051975699e+00
8.302900245961347681e-01
1.080681438635308300e+00
9.245761876058016249e-01
5.070436611450489517e-01
7.926657217758314999e-01
7.868132076586376034e-01
3.175047274077595350e-01
8.430971621247833614e-01
1.226019324647395603e+00
8.188159566927067923e-01
6.883914771710329950e-01
6.383709712490502897e-01
1.070152155535078364e+00
9.943429351972703500e-01
1.034116681486350497e+00
8.896282118043077336e-01
3.947059616472423649e-01
1.185489456498998395e+00
7.795108390785184804e-01
7.969761783209563522e-01
1.948651240851728694e-01
5.761293550224771964e-01
1.153746083724357829e+00
1.407096262425028055e+00
4.945559592266957072e-01
1.128718154294644727e+00
4.730810175493358471e-01
1.370878686335339935e+00
1.089797861388013711e+00
1.728641162683813626e+00
6.830724046838120289e-01
7.991977610056167913e-01
1.565047868089677330e+00
8.418533127400924521e-01
1.307409545764316672e+00
1.244253385199684869e+00
1.159081136270924794e+00
2.037536063835159617e+00
7.511034405897808464e-01
1.069542996127300416e+00
1.615929758502979707e+00
1.047021593349747981e+00
6.899153672696713979e-01
7.528986324247578521e-01
6.290335378363026697e-01
7.661762282035960991e-01
1.634028654249103596e+00
8.718805387292659637e-01
1.191887552699229413e+00
6.560010493457805181e-01
4.918095205584078200e-01
7.803898047154431694e-01
1.314281351396702879e+00
1.832188866080641798e+00
1.152317932083148033e+00
5.903909266665217093e-01
5.497969995281120070e-01
7.582125059633918474e-01
8.217546793303183161e-01
6.224117650600530238e-01
1.173886404482002987e+00
1.353143103965997573e+00
7.363360663981893817e-01
9.188990921519064603e-01
4.605204192487971637e-01
7.008449762918629311e-01
4.548353534823564859e-01
4.026258823228358041e-01
5.059007492960057029e-01
1.256737863356838236e+00
1.451239886177469796e+00
1.279808626970025731e+00
1.270065989783545124e+00
7.681717787586770374e-01
5.934035131484045600e-01
1.476407633262543539e+00
7.051392125718608517e-01
9.446056671263601823e-01
6.633233690791006110e-01
1.375631318295071903e+00
1.253288229675129095e+00
6.159589759648047558e-01
1.311420892355330992e+00
1.026627339681210671e+00
1.038687677487739602e+00
2.869145237130990567e-01
4.024026715560034551e-01
7.382402551130543555e-01
1.187716534021261872e+00
6.695012654669301178e-01
1.393429477641855874e+00
6.352019477116103152e-01
1.579515034979447785e+00
7.342436470561126693e-01
5.641641788768902988e-01
7.994810042307639586e-01
8.881258550178005029e-01
7.034726090115090980e-01
2.008214022130167198e+00
6.106899469507149902e-01
1.333293759035583337e+00
1.313347583243811956e+00
7.339321011763974001e-01
8.377312676857060492e-01
4.996569559402964100e-01
8.036662054726524396e-01
1.394098965062420925e+00
7.958698090668074876e-01
1.291797267379021674e+00
7.943127937593148502e-01
1.198475884393827462e+00
3.292548290159820756e-01
8.571672301648839420e-01
1.737696536355421761e+00
9.987637263180979552e-01
9.316587048060167575e-01
7.256238196313580247e-01
9.628633533949372270e-01
9.216054721767227287e-01
5.611613064666879369e-01
8.811355890170251559e-01
1.746999308182234145e+00
5.703902840911829752e-01
1.461150529906850348e+00
1.856764492245741582e+00
1.862565279665628015e+00
1.409413108503939860e+00
4.467559080651457015e-01
1.740156193708953136e+00
9.696865782094175046e-01
7.355375863658120128e-01
1.400358635961914899e+00
1.572208386466675600e+00
8.481624645241478966e-01
7.883710182565561997e-01
1.191393307907232302e+00
9.745142899479335430e-01
1.305451411571829201e+00
2.000907274869287988e+00
9.554883903716742122e-01
8.079737764375508613e-01
1.405691005582769826e+00
1.610369142214260973e+00
9.085431212336056994e-01
8.313620284888623146e-01
1.579627004898704223e+00
5.827008868265065589e-01
1.378478205288504510e+00
1.424031570379387324e+00
6.335354198209743881e-01
9.488371828064142699e-01
1.324031966311139730e+00
9.435896286163857338e-01
7.071938893540492543e-01
2.518556507774883713e+00
1.339963487362337391e+00
6.489143812250179888e-01
1.126595285131218871e+00
6.731490593805089517e-01
1.259764543028806028e+00
1.372187470127240516e+00
1.041991694201904295e+00
2.247354605459321863e+00
5.702401382997621671e-01
6.515585041824569767e-01
3.530523280880848991e-01
1.313463291811962641e+00
1.366554254568704607e+00
1.314322144482191312e+00
2.091381361872489908e+00
1.187332332481579655e+00
1.351259365771121601e+00
1.387114663158985017e+00
8.055139534076218855e-01
1.226821088237721513e+00
1.505131342619595802e+00
1.374202927392215390e+00
7.635015412389495326e-01
1.070653836456689323e+00
3.853650334514666653e-01
1.241607382622894828e+00
6.398521668876202551e-01
1.120147004052681305e+00
1.177458192998153574e+00
7.997657672260252149e-01
1.311561406655821660e+00
1.629976777919173614e+00
9.885754213498488818e-01
9.994811421486362590e-01
5.856221286844467411e-01
5.586672585890879450e-01
6.917986961130505597e-01
5.011124075225937835e-01
1.334397644550694206e+00
1.032873595867694450e+00
8.632638484223499331e-01
1.053768008139218448e+00
1.150819852138956101e+00
8.290687026407308480e-01
8.547233132305842584e-01
5.744293486778382363e-01
9.376302347198064435e-01
1.003782081883655142e+00
7.905074155785640766e-01
1.022672675991416646e+00
5.765204428378076784e-01
5.906922694685168285e-01
9.628866351000833212e-01
1.039752165728707656e+00
5.556008085387672546e-01
1.203997141051952990e+00
4.328624526640076908e-01
4.705945309335201054e-01
7.458643082775586741e-01
2.184106710022884368e+00
3.917045018178883509e-01
1.022054539215964120e+00
9.276059606325750551e-01
8.075694657752567895e-01
1.118926475344790950e+00
1.217209895464372638e+00
1.199680401842590172e+00
6.196510860211386085e-01
6.866788829196452948e-01
1.010253719360462821e+00
4.381801492419581945e-01
1.015648038128597941e+00
5.079465222794515844e-01
1.197788185011009476e+00
4.309763976354270554e-01
1.236794874853622161e+00
1.853599263603973590e-01
1.113242299776059596e+00
7.798386259659544351e-01
1.376256703213145416e+00
1.450194958374399823e+00
1.182611395656345543e+00
3.411877148164949580e-01
1.065970174670335613e+00
8.563511705486667180e-01
4.662090677631727242e-01
6.649910699277986614e-01
1.557070633253009984e+00
1.286079035217753797e+00
9.692592595177772496e-01
1.399531088297405912e+00
8.553218519815812826e-01
8.834982878028528885e-01
7.555638399535107297e-01
1.379017411940219873e+00
1.397471396372218955e+00
1.509860004770723796e+00
6.129518182053452779e-01
1.546919974718911739e+00
6.546364600515138799e-01
8.195253530718640267e-01
8.459824503309928412e-01
4.548225129752946905e-01
7.804346224752702899e-01
4.018444075844500585e-01
8.387819013929886935e-01
1.494610039411798930e+00
1.209978330852726991e+00
6.358868799630476021e-01
5.329114046199269206e-01
1.475360048695962156e+00
1.018792338789349827e+00
4.668196455126338851e-01
1.166701367859864336e+00
1.274982572307692408e+00
9.167938414288288040e-01
1.456252000340351849e+00
5.388670402914191859e-01
8.936283401003564109e-01
1.426249767165926663e+00
1.509514590403228107e+00
1.084572647155517267e+00
8.892057219018025815e-01
7.748817697866345888e-01
1.098240055213475452e+00
9.427669580851678610e-01
1.127067041489757004e+00
1.177748838550535693e+00
8.814587073443824750e-01
7.264038344329000196e-01
8.314380073688718564e-01
6.759811549765102345e-01
1.328183882896527113e+00
8.761484851499645732e-01
9.269871761457684212e-01
1.450771082568586889e+00
6.682820448300823557e-01
1.122878538372391155e+00
2.097247990100425952e+00
1.107025463422811162e+00
5.586337051657808139e-01
3.022775854613017343e-01
7.790109419792590195e-01
1.136852987413901506e+00
1.045370189452273113e+00
1.352936987534605784e+00
1.441010581187724959e+00
1.210598284304070127e+00
5.892583068067520635e-01
4.560867408575748350e-01
9.774369682789729730e-01
8.253434929882750293e-01
6.984110439129096459e-01
8.103770733967716744e-01
1.119182192405202336e+00
1.417963878057898919e+00
9.291914058493486728e-01
7.513076945679360019e-01
6.363721724337008112e-01
6.145009090789909090e-01
3.540665289697537133e-01
7.635784673252479227e-01
1.315248886381573445e+00
1.427876734165128836e+00
1.761804832856552760e+00
1.399115599174266311e+00
5.464401911071838924e-01
9.111640331471596577e-01
4.781698345043415288e-01
7.607663264687453131e-01
9.420916359280750996e-01
1.294233719179578745e+00
1.414921400635651194e+00
8.556808516520038044e-01
6.683628661243012914e-01
6.382442108866301922e-01
5.941929931281786370e-01
1.671958293943768270e+00
5.540479515202221261e-01
1.030585277980783587e+00
1.079423953815027648e+00
5.778723842860065130e-01
1.331066236319312424e+00
1.061177544091363556e+00
7.607759842435575237e-01
1.632948272740115225e+00
2.739333872475804288e-01
4.745192847398103653e-01
5.089730216177084099e-01
8.755556081943759450e-01
8.479666453781411484e-01
7.470147249181868787e-01
1.577062218937001603e+00
1.010225695948798297e+00
7.602984357186510778e-01
1.297017646719301531e+00
8.412847164010112122e-01
5.759343042813072078e-01
7.096396292964746166e-01
4.289409130471444342e-01
9.118380045250567001e-01
2.093754331881943376e+00
6.351474002018377973e-01
7.186571782377007001e-01
1.204574552908797891e+00
1.007199011740713024e+00
1.022408433266527750e+00
1.061968984061557375e+00
7.333179831120604231e-01
1.065071025703790086e+00
1.370679354462049471e+00
7.204072253949822535e-01
9.311306267745709242e-01
3.900189999749694159e-01
1.391694308325406970e+00
9.379444565542818246e-01
6.195347002982483087e-01
5.324293953219275677e-01
1.009631627556140776e+00
7.407986859733810547e-01
1.318067931614788746e+00
8.185816181326736052e-01
1.355055329398290542e+00
1.504152347061694428e+00
1.362694669812994697e+00
1.021602731905831618e+00
5.847252938386124921e-01
1.483769495270984784e+00
4.295669012138462750e-01
6.786351186278033465e-01
8.690600205977643267e-01
8.819286324235904306e-01
7.017711562923318880e-01
1.031721016777171762e+00
3.515417168035907536e-01
2.347976007028821643e-01
6.540205787334663068e-01
1.271918585956543613e+00
1.386230591168096993e+00
2.411171186336412697e-01
1.668715821165485558e+00
7.488931097718307672e-01
1.116556676489152355e+00
2.351205774104645485e+00
6.627506387182109382e-01
1.321927907172514960e+00
1.694814791205043969e+00
5.649970838885661761e-01
1.778660694670904707e+00
