8.003669093226239983e-01
6.047854090237458902e-01
6.943088347873921373e-01
1.814059234390009046e+00
9.424845018938979857e-01
8.930737662768204466e-01
1.180291914193624780e+00
7.685533970375593160e-01
5.639154151811621718e-01
4.597369965585499374e-01
5.546997779220242952e-01
7.012982459672837399e-01
9.177963101379245092e-01
8.527010055194809146e-01
1.971874956889635433e-01
8.069855509122184634e-01
1.197450289528709799e+00
1.629619700853956354e+00
1.700456841681331488e-01
2.812002331180709080e-01
2.037743366093752506e+00
6.433229492292940055e-01
1.056843703396464829e+00
8.056272309685352795e-01
4.553081601052055838e-01
2.561735629632712730e+00
1.030708949896444349e+00
4.334336136172483034e-01
8.705747455923947831e-01
1.005905901288663529e+00
1.263603893797920152e+00
1.617320510243890785e+00
2.130686626531346217e+00
8.701399273866951001e-01
1.075661581084488727e+00
1.457958910253555729e+00
6.701339502402375858e-01
9.349927218176534716e-01
4.937895715139170583e-01
6.917195063625537488e-01
4.590645936525773463e-01
4.913844967389374152e-01
8.651698635093819645e-01
7.795747886067105892e-01
1.335853622861782553e+00
1.712709433236100642e-01
8.273239989091507596e-01
5.395291301463035483e-01
1.052592791304790332e+00
6.474435368292106308e-01
1.305885115320879475e+00
1.601300457685256973e+00
5.872503590405855345e-01
7.618267780360389319e-01
4.442327018712561304e-01
1.000174917624627069e+00
3.755655126496819651e-01
1.940238116607617469e+00
2.202693999383768642e+00
9.194602598804449967e-01
1.108032771517629911e+00
9.972645961149859684e-01
8.339863682555445079e-01
9.864763780184111486e-01
2.151703707080331096e+00
6.840457916830486873e-01
9.745182322720424839e-01
7.147186965488774302e-01
9.097874038024909016e-01
3.125116287233670187e-01
6.882619557464152438e-01
1.170702097624747307e+00
2.360350150295768223e+00
6.531355950610581163e-01
5.861695157488522323e-01
1.463486027422943980e+00
1.073952858926920273e+00
5.219429883774219237e-01
1.043621191566837414e+00
7.494426113924457233e-01
3.698610732131737966e-01
1.666404711836849961e-01
1.478841377854380301e+00
1.018132985335788332e+00
8.744991122282831375e-01
1.184250501188427451e+00
5.871779873540163841e-01
1.178568863520425003e+00
1.920096558398297626e-01
3.674715603809141640e-01
1.379890059325312723e+00
5.791451151370318184e-01
1.803480152692021221e+00
1.035994003461623514e+00
5.960619271887742654e-01
9.974225274168626587e-01
4.983901056699739929e-01
3.427916534440975660e-01
2.482860737221364911e+00
8.475013908507865734e-01
6.464694431538851038e-01
9.311562362352813205e-01
8.972876464760519699e-01
8.075541743840799480e-01
1.786592154293000778e+00
6.778686867677506944e-01
1.932370118791118641e+00
1.236279602464072536e+00
1.133916648129676297e+00
1.039848667116664682e+00
3.245516146661967527e-01
3.819461568200336332e-01
8.788533517723602362e-01
1.131767872063163649e+00
4.460343498075091118e-01
1.261681702623101753e+00
1.887719480326396582e+00
1.478568712019791453e+00
3.010357859383113732e-01
8.780632782129418334e-01
2.535273657800877212e-01
1.033155544213418375e+00
7.864063915647423464e-01
1.648348633071124780e+00
3.674530874410874559e-01
1.272675778732311080e+00
1.737095218816625319e+00
1.093903207870917882e+00
1.645518936242238439e+00
6.164937070670649666e-01
7.519082320273459130e-01
6.178925605858325287e-01
9.236347822499633153e-01
1.024611798415554720e+00
1.447172557587860009e+00
7.221144521319546872e-01
1.338490282431158418e+00
3.964968333397115852e-01
8.165228461168196894e-01
9.889161561983779158e-01
2.905453146633894868e+00
1.235233379250031405e+00
1.714042012555926087e-01
5.831826243236204466e-01
5.110724663040729920e-01
1.023214051440728412e+00
5.199347582715392324e-01
1.873464851235277617e+00
6.173289937595406451e-01
5.948736870925612763e-01
5.364043750032172486e-01
1.099726023309753886e+00
7.885009374434605034e-01
2.075000118168031982e+00
5.701794813682763419e-01
3.862617052117108263e-01
7.325021684849218895e-01
4.162724807593133347e-01
6.359189587899499729e-01
9.504694055127129726e-01
3.487916029843572963e-01
4.529840488032823020e-01
2.741202471222882409e+00
5.000722027621695709e-01
8.901603380993438064e-01
1.614467855473044722e+00
6.079604715811202098e-01
1.995648575419319615e+00
7.274472175420441111e-01
1.645741616856511991e+00
6.967849552349223430e-01
4.726769045877877162e-01
5.761123236710053996e-01
9.212600242498312220e-01
5.986350060585511335e-01
9.249571601757844430e-01
1.080069147455534617e+00
9.010661349011950261e-01
1.385569000350160174e+00
1.438581637301094229e+00
1.708790979107272845e+00
2.372023996737415708e+00
6.283744317572181881e-01
3.236415203645304772e-01
9.235987839923954779e-01
8.740862257336102781e-01
1.215788424132222545e+00
1.497249620046154694e+00
6.720369342401453228e-01
7.292471519119418932e-01
6.609140417574512760e-01
1.893474411633849996e+00
6.108003327204638566e-01
9.878862803899055578e-01
9.753950124794527055e-01
3.892304783649329636e-01
1.109477154962595913e+00
1.427490052009209975e+00
1.557202509874719087e+00
1.810744152047765620e+00
3.983758432487812806e-01
1.236041186218295618e+00
6.370375810849385756e-01
7.381419291312280029e-01
9.947183342438167264e-01
7.472672166254490378e-01
1.369564557352089817e+00
7.903637410292144727e-01
3.423926292163894103e-01
4.171910560489680009e-01
9.847365603378126497e-01
1.674138983081165044e+00
2.812540438916233398e-01
9.980526799725184528e-01
1.439976397283060816e+00
1.785156700806774133e+00
8.366207564358500992e-01
5.670630457389067569e-01
2.129369175912500189e+00
1.294701064554131253e+00
7.575643307636777957e-01
3.676254569112763493e-01
1.001811525098851519e+00
7.261726381765162275e-01
1.143346160829168401e+00
9.104981702827115164e-01
7.933634477108774119e-01
8.505544400818245698e-01
5.923166527787209201e-01
6.595946654741642323e-01
7.360265359867752544e-01
1.452835525258684868e+00
1.504428136964196083e+00
3.568205850439816196e-01
1.642009266366113884e+00
9.536771644091865952e-01
8.676647478093542087e-01
6.828360052255939561e-01
8.179361763240493577e-01
7.878830579007921608e-01
1.887199259762056824e+00
6.073280634136075662e-01
1.623467483048880666e+00
1.907640500168653164e+00
1.257322773001372740e+00
3.964963307876604448e-01
1.371650108380324307e+00
7.598157670878921133e-01
1.009370945181165879e+00
1.081800038494441951e+00
1.200457761825357794e+00
1.295943066732339721e+00
7.152733241506252782e-01
4.793275975844769610e-01
1.472276386303317919e+00
4.798627092534702987e-01
9.660646096483649359e-01
2.101302306171916712e+00
2.352030345511657128e+00
3.066136952361613321e-01
1.080614239579201108e+00
4.524776621135239707e-01
9.239420616052795854e-01
2.242498647088822517e-01
6.514442907814215200e-01
1.159836491864499441e+00
2.394048076126703006e-01
1.356084504769828225e+00
1.180609652206762394e+00
5.287096591454861771e-01
1.031409478703290805e+00
1.276892440102485038e+00
2.973092296878695473e-01
2.598569983484433910e-01
6.530727701600435031e-01
1.172276671859896036e+00
1.151982012037115810e+00
2.508480799039320419e-01
6.629996146370273902e-01
1.073255520707375732e+00
2.446121089001360716e+00
6.710306837930822832e-01
1.686598055178247124e+00
1.236483513871328377e+00
5.079063036792019759e-01
1.106202365334225224e+00
1.529793551429158960e+00
6.187328681553878607e-01
6.532306463531176721e-01
1.036215226846646242e+00
1.705945439417536846e+00
1.403474821857755739e+00
5.600012576349400195e-01
1.221291736193903521e+00
1.479600813804492043e+00
2.387548623640127765e+00
1.181220909302568955e+00
5.286779255762882324e-01
4.725231648671158746e-01
1.639560541705105567e+00
1.209809926408361713e+00
4.037283884660982647e-01
3.729439499661801882e-01
2.559071091132835374e+00
1.050853598448312498e+00
7.502336533032887278e-01
1.252044381840173415e+00
9.645384454377898820e-01
7.097844046424834907e-01
8.018901868110930309e-01
9.711348820243914659e-01
6.267860472623039136e-01
9.947285123930347250e-01
9.980913341693695706e-01
8.866475938760738362e-01
1.744023231381780281e+00
1.421426266830289942e+00
7.172863756976185501e-01
2.124392536003451681e+00
7.041340200313782605e-01
4.015960018282618282e-01
4.561357309427284124e-01
3.435511808610338669e-01
1.611372586659543860e+00
8.425825466289906807e-01
1.720270310357368659e+00
1.389154700599275705e+00
7.750689875257780193e-01
1.036812191743293088e+00
9.787258860319703047e-01
9.584798019301256078e-01
8.452843933208644689e-01
9.447682821845779788e-01
1.065979009882238593e+00
1.027453956955007852e+00
8.139773855086332999e-01
2.122343815715074022e+00
1.748731636945537460e+00
4.689227814143427930e-01
1.605842394819575247e+00
8.959230388458059302e-01
1.611998973398776513e+00
1.076328944175851676e+00
5.799190451383542388e-01
9.781847936946275190e-01
6.141644068635319087e-01
5.633275725461285299e-01
1.652823810507554558e+00
6.138859738200598271e-01
6.024014923893078466e-01
1.531846763660759780e+00
6.754923943708895928e-01
1.010838104147103289e+00
1.320345450957891131e+00
7.136536319335898826e-01
1.200498640697364783e+00
1.052640520005344360e+00
1.183357724360085239e+00
1.595229024157182929e+00
5.013296847964525682e-01
1.565400210163099715e+00
8.530249128754243682e-01
5.454721748375076507e-01
8.495732641808406704e-01
2.656549528617333511e-01
2.970793099718927466e-01
7.391006720933859242e-01
3.470019645966949451e+00
1.373501482345539149e+00
9.372713505694025837e-01
1.748475081336046788e+00
8.315990067436178634e-01
9.149259857062048695e-01
1.361741311955661393e+00
1.240182992781867055e+00
1.663892670240793237e+00
1.831830984162682974e+00
1.754985315763009979e+00
4.833366287682692719e-01
7.036994879218393395e-01
1.126570655245283659e+00
6.703818095950051514e-01
1.277533797529032178e+00
6.819783032630986064e-01
1.499083612628456796e-01
7.269965159357443252e-01
1.089852403194925712e+00
3.714665472820984360e-01
1.260667307799754777e+00
4.824976068554997499e-01
1.546250624499193149e+00
5.145067644635834547e-01
2.026845029826691569e-01
5.388352905899289613e-01
1.377123715610171661e+00
9.741461128104209610e-01
9.402108157683253253e-01
9.657786920917124096e-01
1.074321150515319845e+00
4.813057932563542529e-01
2.653532834681399777e+00
4.091173729767227929e-01
1.881714328597538177e+00
1.279392792858954353e+00
1.359041669665434382e+00
4.130083868437254280e-01
9.349450403869821180e-01
7.456266730137297571e-01
1.046919387596854101e+00
7.351265191945033362e-01
3.826760789702966514e-01
1.056864199248713554e+00
8.119358921574846288e-01
1.549615940561782867e+00
2.638910507006684836e-01
4.149254326167691187e-01
1.844007207278731242e+00
8.053617808388976451e-01
7.632733593600666833e-01
3.627553230787249339e-01
1.668660538214423950e+00
4.807992187039301646e-01
1.859012046340548507e-01
1.728495631104654651e+00
7.559074020910885316e-01
5.982665523563764909e-01
6.220594045284348894e-01
9.325779129041452675e-01
8.158029342981406584e-01
6.719368499450592003e-01
9.448654869278483304e-01
1.824186414278406332e+00
1.452298655448869713e+00
5.624672797951909553e-01
6.160429534335866153e-01
8.745441858045537309e-01
1.923819703773187673e+00
2.921694412462880197e-01
2.523765031078168519e+00
8.043821876575075747e-01
5.965727261194694320e-01
9.632912944545182210e-01
2.621088297347408114e-01
9.124420893505055252e-01
1.447048805876714139e+00
9.314701790928435754e-01
1.483143930536844568e+00
6.560908740255863014e-01
1.812948119166047256e+00
2.101100660935146802e+00
3.236813688904448760e+00
1.358952210642291325e+00
2.546294036237430336e-01
1.201037791045903580e+00
8.183017809292825184e-01
1.144798528993253850e+00
1.778699633877316888e+00
1.388771727572036152e+00
8.764205223626164720e-01
6.148989558864887961e-01
3.348119898537310624e-01
1.314631601752445755e+00
5.764781359777084724e-01
8.573810393276026787e-01
8.593642151790765737e-01
9.806054079780419652e-01
7.182751663046309520e-01
9.317230298223159179e-01
6.678454413229744091e-01
1.345906955781765113e+00
1.804605786377427301e-01
1.032178541931094040e+00
1.216318817649190809e+00
1.196466583422515662e+00
8.825970027719594047e-01
1.565498569054762257e+00
1.033399824824352997e+00
5.598996026154574590e-01
4.922693226372082398e-01
7.008260106024891689e-01
9.691525011449528826e-01
8.358034161824682284e-01
6.011936845290524190e-01
1.002732638148497335e+00
1.685522302964852503e+00
5.797169804611213006e-01
2.744492193312885742e-01
9.113103076884773168e-01
1.135954173954263347e+00
6.605869184094279589e-01
1.224174127785621957e+00
1.830935121886536177e+00
1.590235142839777849e+00
1.701130078882851393e+00
4.765735187175161869e-01
6.963293088508697437e-01
9.453639067849521904e-01
4.324963679124324001e-01
1.870014774905910837e+00
1.099611490853172224e+00
1.366154758133794056e+00
1.097511087313826073e+00
1.082619137558752609e+00
3.320330259667098050e-01
6.872215791252099804e-01
1.044183820328905110e+00
1.252893957842340811e+00
1.002253750278503830e+00
7.144025173401737927e-01
4.263487174525851242e-01
5.276316172178342478e-01
7.794525168961228268e-01
1.062470800189520226e+00
2.893252632564280447e-01
5.376882469522141772e-01
3.763459001839825624e-01
8.655722073716139997e-01
4.552728232600723457e-01
6.004892142417204148e-01
1.865743758757886450e+00
8.096771094669867885e-01
1.342881929621098092e+00
1.103001628023447145e+00
8.191752869999908704e-01
1.043192070365729807e+00
6.183767492870354543e-01
1.106814860114611943e+00
1.186269832857087092e+00
6.896865040589057472e-01
1.394422702126398406e+00
1.132508543378557109e+00
1.186779785153821321e+00
3.562926524178640086e-01
2.219930430757785178e+00
1.270025424988801666e+00
7.317796309489257300e-01
6.073013288071509308e-01
5.672418559594321064e-01
3.484635694657497451e-01
9.300046561115618005e-01
8.267420697076354186e-01
8.132655901276013566e-01
7.301472831702953137e-01
5.106162580438129428e-01
1.959764527084669750e+00
1.568218021389069072e+00
3.614863073794334913e-01
6.619033437512861218e-01
3.212845776175899948e-01
9.728980153668325137e-01
4.264913047713307925e-01
8.931866567412780622e-01
1.195946841671046812e+00
8.993808931651048333e-01
2.101297073046540120e+00
9.401530856924982249e-01
1.065425268700229910e+00
4.485361520657148438e-01
6.763809764035596528e-01
1.051823371997212098e+00
3.320649179146503704e-01
1.154496158531809202e+00
1.541118580362249801e+00
7.594554443192911286e-01
6.166396513554147640e-01
1.097997974311847535e+00
1.659452222149125467e+00
4.315612820867888444e-01
1.695136617185611705e+00
1.266867652912738451e-01
5.823201087892448946e-01
1.015922713723016679e+00
5.984823990402559080e-01
3.158889658708805559e-01
8.852746956363165554e-01
1.044311220328981271e+00
5.783981030461091688e-01
1.199626294161333817e+00
1.560972622754191796e+00
4.334308678548006166e-01
8.465122454503257732e-01
7.796422597426179157e-01
1.154979087286415407e+00
1.127072494657323842e+00
1.594553763851013439e+00
1.165690936717940662e+00
9.490222222953592635e-01
1.455014241508095552e+00
1.438922644980630050e+00
2.203233173763388120e-01
3.128399093256784003e-01
6.223618814509621622e-01
8.519417688846668835e-01
6.029116972066325131e-01
1.600740454377618471e+00
5.481550463605735501e-01
4.134988650663140586e-01
1.197136093298002857e+00
1.873564485335403207e+00
1.726528138653692146e+00
6.159497298066647364e-01
1.076885660166723824e+00
1.601474936329248422e+00
6.346836219695934922e-01
5.682610253051447735e-01
4.618572862518762756e-01
3.016007214483761301e-01
1.615091249752272917e+00
1.350098209059191978e+00
4.583533166735470621e-01
1.000924302442721681e+00
8.469441030027589079e-01
1.752364373780642692e+00
6.794047826988312000e-01
1.673139410251283765e+00
1.479349817378346810e+00
8.478217093938695825e-01
6.265453077399065762e-01
4.531976279672138563e-01
8.014255269984231767e-01
6.396676296771346415e-01
4.148590859109909657e-01
8.412475761022860654e-01
1.095103935925280325e+00
1.066239423485516813e+00
1.667836150063653378e+00
1.939141657260561091e+00
2.795920258863877628e-01
5.417573879198023246e-01
1.718833689240851115e+00
8.738167532453264830e-01
1.103643765595838655e+00
1.004400296138507009e+00
9.103639740610512954e-01
1.754647256419678891e+00
2.604287659973235858e+00
8.914141732134188700e-01
8.143145455931946053e-01
3.819082895545055090e-01
5.873330509422869383e-01
7.452036599880855761e-01
2.544865565757632453e+00
4.484204863626624071e-01
3.406804076415242299e+00
4.365331162152046307e-01
3.446473757634432311e-01
1.191396633696385710e+00
1.269234138264434986e+00
1.147504836380063953e+00
7.475368285680773495e-01
1.315009326469868567e+00
1.079038717110679890e+00
1.467829990054785316e+00
7.920487945138003916e-01
1.643723825370556391e+00
1.483854410671019863e+00
4.124606669914759882e-01
4.467222801550407851e-01
1.472224656201720716e+00
9.210389528766297351e-01
1.081710180190963211e+00
1.669591131704713183e+00
2.464031516553872869e+00
1.709607975844310346e+00
5.115554158551824937e-01
2.298067226218766024e+00
8.231679294055611606e-01
3.992630248583159402e-01
1.343554045431354593e+00
7.096064307765113099e-01
8.818050989656802674e-01
1.125772203151172324e+00
1.540871526064667485e+00
1.925584209731828977e+00
1.278454584833684349e+00
1.018801388593487900e+00
2.968992363337276674e-01
1.256043374311266447e+00
1.374480618093685713e+00
1.235369559550235641e+00
9.589202894591484228e-01
1.418171079530310852e+00
1.384758845969161101e+00
1.487318129573554248e+00
1.228706543946719520e+00
5.803631072898267629e-01
2.436085772502042945e-01
9.669016548541791156e-01
1.180094146193673144e+00
8.133873882205495676e-01
3.777714351309746643e-01
1.940433277816504543e-01
1.277434487622161052e+00
6.089204137691961449e-01
6.711464181381835425e-01
9.242696892897390715e-01
7.987907910539364664e-01
6.306927348213695605e-01
9.615037599790408063e-01
1.783260271027749866e+00
4.097098649311364804e-01
1.150992232620823730e+00
5.725185226761648760e-01
6.818088401873642068e-01
4.973978543230888061e-01
1.076788056319370135e+00
2.202893758030209370e-01
4.939666521133720956e-01
1.167957724017716803e+00
1.057102076135992830e+00
7.581427367584216981e-01
1.055156963116326230e+00
3.554891793178887038e-01
1.594874599600474063e+00
6.023130861848773332e-01
7.478526456725653748e-01
7.775633271676860581e-01
3.703124268795854879e-01
8.709672619555288708e-01
8.023538602273341258e-01
1.226611230124194929e+00
6.587874759765239840e-01
4.338383728276486995e-01
5.819081897386965130e-01
1.785623292953631536e+00
1.501914531533848685e+00
1.302393560602827627e+00
2.566922349305075235e-01
2.231793341544658915e+00
7.018842424108837630e-01
1.762999061988634875e+00
1.730265840641195707e+00
5.941990234776944879e-01
1.095150499673867461e+00
7.823526747208759957e-01
1.447292527525687822e+00
9.424235127276594515e-01
5.969692253370524337e-01
1.419171342504807587e+00
4.744989103131801222e+00
3.086186255435113823e-01
9.788753460089206770e-01
1.966851429078393165e+00
1.185173206302321258e+00
1.397123738306016882e+00
8.423606481716328087e-01
7.389554077359616890e-01
1.125923390437606475e+00
5.349380160205424728e-01
8.690191203765449401e-01
4.901682945457308538e-01
1.671150147861751867e+00
1.095708346830682300e+00
7.327473094417893407e-01
1.066466547216789573e+00
4.620839696766464999e-01
4.853783222296937372e-01
1.302918695409435390e+00
1.341867424585977853e+00
1.251984122762141549e+00
7.935091995315159963e-01
3.042555827858999806e-01
1.129547294548354675e+00
1.026272749834078235e+00
6.334015738800483630e-01
9.071236846804267007e-01
5.508213935401721217e-01
1.329955138200222375e+00
9.287079176879461384e-01
8.989493883394226170e-01
1.794936661320186033e+00
8.346179131757365255e-01
1.117712715731388640e+00
1.021051333471670430e+00
6.854517663795633986e-01
1.478064080912764089e+00
1.313123188349991644e+00
4.190834088357518472e-01
5.602945102710541470e-01
1.792742831821594551e+00
2.543196432584207134e+00
4.718297918232335908e-01
1.258051325726477820e+00
5.341219192399437876e-01
7.177583603837665027e-01
5.269694937199769225e-01
8.444284011476673735e-01
7.854618973648356262e-01
8.054768675970267466e-01
1.047306089235566368e-01
8.424031569570730182e-01
1.613608727857585023e+00
7.013625771290882271e-01
8.914199708471790551e-01
8.739860129540681921e-01
1.963976132870135061e+00
2.475229652751528509e+00
1.594948970595308824e+00
1.646246395077570535e+00
7.532681352637686789e-01
6.923937421828296745e-01
1.009070379645694571e+00
1.378477845791720391e+00
1.405058790492675014e+00
7.910936613037901077e-01
7.404679505569258247e-01
5.230108685707963723e-01
9.655672192479227700e-01
1.033069106459302944e+00
9.445662483588341818e-01
4.225504681807716323e-01
4.227896334880947293e-01
6.120302149249992052e-01
6.441820411140656288e-01
9.989886985597971059e-01
1.198363724316841239e+00
7.488116872357704068e-01
7.984171250558496080e-01
1.659720716079557956e+00
1.441310776923004022e+00
7.252084829541717292e-01
5.088409163387312972e-01
5.098071837244299020e-01
4.497242186207920378e-01
1.239631128941879101e+00
2.014095137573365335e+00
9.564478654567938332e-01
7.490050966473296157e-01
1.073792209381037921e+00
9.784385832197971533e-01
4.670171655019313972e-01
7.152346755315475146e-01
6.100734020970468574e-01
1.108479485231877337e+00
4.544287433109378549e-01
5.912833775598457242e-01
1.471547536810449586e+00
5.225642738259765885e-01
6.870151517464844204e-01
1.020495324224378164e+00
1.071189211780104067e+00
1.006514844585396862e+00
6.823315132199087030e-01
7.014071940260129256e-01
7.503297658838272710e-01
1.164583822485197206e+00
1.536800675295970642e+00
3.645344870095229561e-01
5.032991782920757107e-01
7.909210638825555639e-01
3.496699725261298575e-01
8.243918313675059339e-01
1.607323743817877126e+00
1.076909114659168054e+00
1.194383821685149449e+00
1.384526711565083890e+00
1.058919898401381010e+00
1.452355542660079823e+00
3.049558761769346482e-01
5.270239714338256221e-01
6.252217841475382620e-01
6.560334496774162805e-01
9.603499624917940514e-01
8.107953472027118469e-01
1.117035654798156585e+00
3.282076719589431812e-01
7.795404479208716264e-01
4.115016138243099975e-01
8.546261380248354467e-01
8.184772889470126600e-01
1.142709707662356911e+00
1.474668175314609364e+00
1.310971104497857809e+00
2.219073765027964829e+00
6.465835223904503604e-01
1.003888766886808392e+00
9.120232440688601505e-01
4.704119981746309742e-01
9.058686502939279350e-01
6.408730578956645108e-01
3.164958105540015554e-01
2.518473139478283329e-01
2.182765058614040132e+00
8.869842265971438211e-01
7.319356984076598183e-01
1.088855475933180772e+00
1.657103781366507045e+00
2.094793042574503605e+00
5.327334490775467168e-01
9.041356154131353629e-01
1.381018115946597291e+00
6.610745698491514721e-01
7.901402702818807189e-01
7.470389486421644687e-01
6.478062611365280610e-01
2.683319055949031084e-01
9.684470419458688362e-01
5.274564320668061468e-01
1.895841671528917471e+00
1.040153891263835950e+00
2.479078268508441429e-01
1.691246040203670420e+00
3.804376875678591174e-01
4.713350947493673004e-01
6.063244670984220264e-01
1.019964476477608795e+00
4.200512680052529979e-01
1.059941468706337098e+00
9.612649349691866352e-01
1.580590627380356716e+00
2.486140978666526724e-01
1.591631778085205617e+00
9.604344729780173173e-01
6.042108521299660584e-01
1.087723612615469237e+00
5.734638498009687613e-01
7.557998886738871436e-01
7.822831258188449599e-01
5.843953984018609438e-01
1.860681995251250553e+00
5.134330752551671262e-01
1.214760215589217207e+00
1.365266736784138901e+00
2.241454461740230997e+00
1.322138826803675560e+00
1.517034753416047321e+00
3.106981418978957410e-01
1.249014509368514547e+00
1.260081285293321418e+00
1.096226408104651551e+00
7.084232516700150750e-01
1.821389704557820677e+00
3.411008081240908041e+00
4.872581612795460204e-01
1.729195774633525584e+00
1.831672473834903059e+00
5.645293747731141565e-01
1.389940407882886975e+00
7.454048402165968090e-01
7.991323031948814881e-01
7.125431646179525291e-01
1.054172202719430018e+00
4.744509600006274197e-01
1.916641108109680136e+00
1.094558431418943378e+00
6.035426920883881774e-01
2.860280261554131731e-01
1.253179826215034876e+00
1.429382051097656259e+00
8.093897462227748196e-01
1.598405280434355813e+00
8.871381885320877014e-01
1.071507799191584454e+00
7.534315790328360851e-01
1.196219358356981788e+00
1.035724877895638052e+00
1.379968882066327396e+00
1.148846535441901739e+00
1.550986141422755482e+00
1.110938619127782356e+00
7.834008683460775835e-01
1.848821331287831438e+00
7.387859116315749208e-01
1.169181759850396185e+00
9.890980575611232339e-01
9.958614468994181346e-01
1.279068219131819450e+00
1.536195213557378647e+00
1.306260666870691534e+00
1.557662795427603886e+00
3.555882859166140109e-01
7.517989897031635005e-01
1.714267368937905545e+00
2.640117871426770346e-01
2.038284083145029957e+00
8.881517634399684891e-01
6.879935388744615743e-01
2.223307637289604899e-01
7.453431371829943863e-01
4.480098691149888568e-01
4.440277124700289235e-01
1.704756045584436830e+00
1.029918919866387395e+00
1.072768130454204272e+00
9.210890780674321210e-01
7.243269146000858028e-01
1.251128479469684862e+00
8.696354787867843772e-01
8.163359837156198839e-01
2.402422275340782232e+00
1.055058101582990959e+00
2.461641439701861778e+00
9.742234654530386173e-01
8.793668391900069103e-01
1.233449293254384127e+00
8.332063305617896931e-02
3.674530305779500350e-01
7.336499875504627344e-01
1.868819992738324665e+00
2.199882807514169869e+00
