1.946420740195232146e-01
2.166351377321406591e-01
1.094904010257553573e+00
1.375117779086207637e-01
1.660916648022498388e+00
9.552057079403623030e-01
1.440844079746615769e+00
2.046407088721212908e+00
1.162709322837845137e-02
1.905902098218499041e-01
1.130035263986061356e+00
1.618788055837594164e-01
7.686522875973894608e-01
5.031180033129495355e-01
6.351724405649002148e-02
2.032354018045665900e-01
9.671300263647618634e-01
1.802301164885496076e+00
4.648795744125521767e-01
3.013924303513768610e+00
8.863371533087492926e-01
3.606483106635096081e-01
8.993435321624628775e-01
1.459485421810541750e+00
1.146987007850057472e+00
4.672895384637209548e-01
2.395129037500635660e-01
6.519885704628680667e-02
7.288274462609642956e-01
9.309304933603412824e-02
2.705742684916200069e+00
3.570404765509372913e-01
3.431460101998400902e-01
2.080705102867241030e-01
5.046746497011390664e-01
1.214293982773714947e-01
4.643328916683584634e-02
2.117941190086629177e+00
1.692252681417245164e+00
5.749902416830129370e-01
1.996701830956254531e+00
4.829983138791704711e-01
3.759855000498641076e+00
3.508140054102511507e-01
1.209303659105960715e+00
2.935891498422800727e-01
2.046394851164571094e+00
1.812485377401553133e-01
1.940847424362356355e-01
4.292626196661897264e-01
2.437817567984387479e-01
3.070323741202826362e+00
1.175534317803980766e+00
9.666242270394944658e-01
2.737996816795680577e-02
4.101254385428248495e-01
3.518670112545880801e+00
1.078400753102817689e+00
1.994393272377957896e-02
1.343199726514040959e+00
5.682419126937064968e-01
3.509198782060221622e-01
1.917709548794294394e-01
2.669866781341124762e-01
1.800733789575359234e+00
3.909002118513914548e-01
1.033140684915197838e+00
4.549506967085708564e-01
1.990755642300718123e-02
8.717961798033884158e-01
9.000643098082086180e-01
9.118809653003695503e-01
3.021282371679828938e+00
1.267257851322503015e-01
3.005253259834045565e+00
4.648388844537409414e-01
4.326684270833672241e-02
4.370605062126603491e-01
3.472990399337205769e-02
3.116134559576372087e+00
2.128380758914468207e-01
2.046169554968714888e+00
3.292532795460710315e-01
7.853813889395050429e-01
9.253639449903826308e-02
2.313606063822038372e+00
1.176014587660018318e+00
4.876027556198213597e-01
5.864863287423881744e+00
1.416574633319189092e+00
6.383551113069073357e-02
1.052111572222661356e-01
3.053458273429857095e-01
6.511983579529471156e-01
8.964360638949077364e-02
5.237226631322163678e-02
2.318282009721175929e-02
4.414716410885694664e+00
3.324644577340598040e-01
1.579191056637835322e+00
7.675809784943351533e-01
1.583391596251306488e-01
1.841814209004920322e+00
1.126422424357778507e+00
5.573021994552258135e-02
1.484447610274660170e-02
2.691970574703001495e-01
6.579512883711432503e-01
1.603000113976803975e+00
3.711178175187183209e-02
8.684862115486244316e-02
5.643588563998541696e-01
1.808114771274519805e+00
3.200750522213191562e-01
1.697982999003906590e+00
2.248163935088109966e-01
4.018072397483792857e-01
2.545877226327413756e-01
2.523993107493589794e-02
2.518159863276244748e-01
8.129071319517713334e-01
5.873333437257880485e-01
1.986162314796802997e-01
8.512544092337707147e-01
2.275515177099403541e+00
5.321929750057345920e-01
6.773417933386277623e-01
1.211134256098582496e+00
3.491325366291177623e+00
3.829253144351962401e+00
4.518140632887155395e-01
8.207520260262602951e-01
9.322357979047265486e-01
3.966775449378773938e-02
2.525657491275551392e-01
8.856298230232607649e-01
4.735109905269616060e-01
3.895274868399548618e-01
2.301978351679309087e-01
5.595259956763681819e-01
2.294455875799431777e+00
8.135475066592291471e-01
2.675937902584888950e-01
7.850235096041590088e-01
1.095478944667507948e+00
8.965200889017065355e-01
1.283425344243937838e+00
3.169463548705526268e+00
1.570792759856119991e+00
1.611012811792555732e+00
7.172932548472648051e-01
9.700085889302284547e-01
3.961864031213492288e-01
1.051861566746133736e+00
2.142287645202113344e-01
6.889960145168961825e-01
2.696187033559804824e-01
2.866000024187026832e-02
1.460898563073525613e+00
2.118887068480183267e+00
3.749678865823958263e-01
1.680159418838106933e-01
1.432984702002873256e-01
9.891643451196934222e-01
8.144425933917953664e-01
1.640739374582220300e+00
2.074351951350415391e+00
2.090038496554768865e-01
1.074744091906189025e+00
5.012992550685633208e-01
2.216902060627139459e+00
4.942632113814785511e-01
8.616659289320145743e-02
6.781863302553094996e-01
2.371082814532324612e+00
3.842064499570568836e-01
1.102856019102941953e+00
9.472680961979571337e-03
2.323902554728061176e-01
5.907094847313393293e-01
1.347257957420314733e-01
1.427491862993553795e+00
1.664964016240504829e+00
2.412303716057676573e-01
2.302627817774446639e-01
3.876570057181788487e-01
1.645435836507517013e+00
9.073026623251636558e-01
9.522200461454827236e-02
2.502588626859538756e+00
2.095082701015953397e+00
4.262332883795126315e-01
2.586420127522950807e+00
1.427976319918718151e-01
1.860403593016126012e+00
7.951425334567461256e-01
3.255451801717034743e-01
1.400380238406701450e+00
1.351207373005411050e+00
6.241868158163131897e-01
4.342326554927288251e-01
2.534851147700444063e+00
1.408638440865995489e-01
3.436868501915457674e-01
2.902259050314623945e+00
9.012244656625095773e-01
3.739654152302266527e-02
3.658542198803918843e+00
3.040975002011714334e-01
3.513086251743707256e-01
1.141184200780262614e+00
1.628610183291793412e+00
1.921489202002954810e+00
7.040500219777234836e-02
6.396276945774497236e-01
5.978638603468036106e-01
1.219747070949839030e+00
1.764956577237726032e+00
2.983064158176546243e+00
1.783181213823310240e-01
1.267972070045561006e+00
7.588041887627922089e-01
4.221929072140397921e-01
1.991075296930083116e+00
1.346358554904146132e+00
1.194030448229389307e+00
1.354128741420758675e-01
1.117343451434580803e+00
3.560963581544566159e-01
6.615485719809556242e-01
1.922818803684146205e-01
5.973678190649017727e-01
3.254473319864261693e+00
6.617239808152038938e-01
1.001252076071048824e+00
1.267197839902778789e+00
7.098966685277838806e-01
2.643544429473962953e-01
6.337185966652683078e-01
4.119910084235606895e+00
4.943014656827478953e-02
2.447395754874443774e-01
3.064246251030053880e-01
1.006431084470909898e+00
3.611614372966687747e-01
1.225522098898059076e+00
2.742904621618914573e-01
1.511713243277692520e+00
6.220582942094806667e-01
3.875729330949665208e+00
7.592326210099905603e-01
5.733642683203620249e-01
9.140122265734218487e-02
5.665844507997205154e-02
2.419803732324320666e+00
6.966826420542539255e-02
1.717289461817629315e+00
2.508507984267728252e-01
3.274333529893397321e-01
1.812734457001816235e+00
9.725796849321910464e-01
6.431059447068915302e-01
2.568573416146743948e+00
9.250997087733520141e-01
2.022375612537485046e-01
1.106300405668964704e+00
5.241036348856134564e-02
3.572346650848776672e-01
7.691716674335873360e-01
1.038617153943717925e-01
1.099964047988749360e+00
3.632297621973537005e-01
4.829812499793903480e-01
1.661888045847842887e+00
5.063465014098980532e+00
5.369643241505988041e-01
9.959315733558550265e-01
4.290593449042359175e+00
7.167981512027506996e-01
1.586932761656447213e-02
2.178831759573646859e-02
3.063098731234671912e-01
6.476439640729300118e-01
1.701682856077636474e+00
1.115725611047224675e+00
1.122963888695573259e-01
2.911827760973101586e+00
3.471444210849315010e-02
2.838044245776614183e-01
2.182269337292770395e+00
1.348859633593527119e-01
3.711008921132713523e-01
4.186372778055972299e-01
1.212685930743851115e+00
2.061684079267052105e-01
3.102811406167773178e+00
4.587569051627642946e-01
3.608503731728381902e-01
2.182547332440835930e-01
1.012658188424148564e+00
3.010073241385692322e-01
3.891732984750925217e-01
2.078671114160728361e+00
9.258567766022636480e-03
1.971189026483743945e-02
1.109736107130831817e+00
8.132343159821585621e-01
2.955299481470373468e+00
1.344895399081925458e+00
5.439476368986818633e-01
3.324971910814570997e+00
2.339417197616383837e-01
8.590183018955068750e-01
4.496816790052572399e-01
2.100948240448141935e-01
1.739645673456368113e-01
1.505847441170608869e+00
4.503675624182131298e-01
3.273090724120212291e-01
1.008891120710280420e+00
5.943454648819399555e-01
7.730790438239922013e-02
1.899962335199611330e+00
1.569723802868968177e+00
5.142896214290677316e-03
1.104639694019654117e+00
1.661561399666648731e+00
7.294118608960035166e-01
1.283489271847645385e+00
1.711642399816834637e+00
7.404942781723348189e-01
4.634007348606599130e+00
2.292202830122753998e-01
2.168264811112768697e+00
1.128225441663472051e+00
3.339086669540408114e-01
1.065375588243375971e+00
4.513694953391086395e-01
7.354457649047938528e-01
3.118212751167325769e-01
9.907315098278320908e-01
2.976614364229765108e+00
9.251901072644069801e-01
1.886337919542702357e+00
7.709658341649766600e-01
9.426386268721381745e-01
1.008830725097463077e+00
4.721793969195484109e-01
5.572745847226774352e-01
5.521159689703984963e-01
4.448988997184170208e-02
1.740230520611274756e-01
5.029169061790335071e-01
2.022002267304534931e-02
3.270028467530584848e+00
6.509334244765894173e-01
1.065570381658526466e+00
3.075173045921253956e-01
8.131251002325473598e-01
1.569989593490880297e-01
3.718950958972381815e-01
1.448035992338551736e+00
1.089683888326270639e-01
1.090944256454399630e+00
3.940751726356305884e+00
1.538318958712710516e-01
1.063506454263838608e+00
2.153647180646743320e-01
7.598269069750068772e-01
1.546634771342997539e+00
4.805735722585084968e-01
1.407583131361070938e-01
9.014263564119312511e-01
1.756665559009535249e+00
9.525635252150621568e-01
5.588433611253386113e-01
1.330401944259030689e+00
1.481630657204293655e+00
1.587603462485678296e-01
9.407984551508864479e-01
2.066197319066895022e-01
5.982738853632542098e-01
3.136409209710804280e-01
3.501431723467419155e-01
1.765265589222394238e-01
1.147106982001389469e-01
8.627059728247141734e-01
1.517493263055277541e+00
3.027968131312078759e-01
5.521934408997851707e-01
1.628804753148875184e+00
2.691222831652170022e+00
2.186779816884338035e-01
8.866905510262093060e-01
1.109401664174977764e+00
4.828198621817719749e-01
2.456896460384117464e+00
1.854965418711879810e+00
1.253616226337577411e+00
5.054402614836952558e-03
9.495963805894868104e-01
8.190045084698729383e-01
4.446534765786040455e-01
1.220378647934023952e+00
3.519989288721596388e-02
2.571832859235078095e-01
8.441095318306428563e-01
3.821314091024840653e+00
9.165572749647028505e-01
5.082352649605781370e-01
1.275004901499764642e+00
1.126176172002922860e+00
3.013562568409842157e-01
2.382764992005063753e+00
7.690232830031192846e-01
1.506556535735882996e+00
3.533629088306868837e+00
3.344470934331170930e+00
1.098869037938943194e+00
1.930113138292632202e+00
9.446155680130252641e-01
3.392413986237015955e+00
1.297816767019287394e-02
4.772892349485337249e+00
1.063577869112666940e+00
7.070673424740208102e-01
6.870165881100545047e-01
4.650142609104674918e-01
1.069959353700721483e+00
5.603394282268823190e-01
2.467460937480671079e-01
1.908861492766094736e+00
1.779424050521724476e+00
1.629250809660319210e-01
1.833029382133744223e+00
1.383961681073266670e+00
3.910070785843261731e+00
1.897199092022587408e+00
1.164511607614257205e+00
9.764149948607944163e-01
7.557687993126490644e-01
1.128908838968087691e+00
2.467205350663435603e-01
2.242224671471194641e-01
8.162893547771814529e-01
3.774146847194578269e-01
1.857128632962355974e+00
7.859907757734037048e-01
7.571869541897937594e-01
9.493244172960173255e-02
4.247603220944756730e-02
9.311271257380192568e-01
1.321707581582519442e+00
5.788970996581100925e-01
2.385682236532988831e-01
8.842546382954353731e-03
8.192298719085958636e-01
9.204582076206923036e-01
4.234612990557415357e-02
8.410859801648222778e-01
1.353071547334619762e+00
9.204503687447734839e-01
3.670950174922502085e-01
9.076699369606091583e-01
7.618648901057506473e-01
2.309525909744764682e+00
1.938887806644138401e+00
6.362550225039571572e-01
1.598812137649863629e+00
7.512363886636675980e-01
1.161394961658556574e-01
4.983588912314014241e-01
3.085731434357883995e-01
1.748608491792615627e-01
2.355045560779397418e-01
7.715092971517438780e-01
7.427752834000916904e-01
3.228258811929163752e+00
1.257547731560338944e+00
1.023068583204950865e+00
1.515267505223055089e+00
1.296933782444595062e-01
1.222468984341564147e+00
1.360814208462946207e+00
1.425471872145726904e+00
9.994088465139996380e-01
2.656969450679909972e+00
9.185372307182257945e-01
3.734126977703774997e-01
1.419697261175692504e-01
4.461122100046505778e+00
2.850318582521402799e+00
2.290095269896377239e+00
1.110980010661854145e+00
4.688470993897722594e-01
5.913331868221206600e-01
9.483195125924870350e-02
1.256963643092061877e+00
3.418713462647180901e+00
1.791286353553134036e+00
4.359918243320775044e-01
1.483308502694959508e+00
2.592404866850347989e-01
5.124171265345913717e-01
1.789593896678336682e+00
6.622713653278428092e-01
2.041234130976711525e-01
1.978256384464640139e+00
1.471135031164380713e+00
3.986289299994938973e-01
5.237963197207032850e-01
3.171182102766985089e+00
8.529959942850751098e-01
5.507463364050424470e-02
7.001947729839562602e-05
1.770973899078946090e+00
7.896321616214638794e-01
1.322533732094528736e+00
6.200555031413976792e-01
8.538682044891311718e-02
2.678684360480301230e-01
5.599224176795438573e-02
1.162852473489331295e+00
1.244136112429051755e+00
3.204476847586063548e-01
7.476348130645615875e-01
2.651850860496384410e+00
3.944990823760470833e-01
6.267647554029309731e-01
1.607050071246500123e+00
8.876165905781230325e-02
1.504454689140503509e+00
6.103114216729829344e+00
8.499595485234945347e-01
1.467828226293326432e+00
6.139609752846990620e-01
2.066796513414276948e+00
5.115055117074455149e-01
1.646691591190590498e-01
1.354511098647805056e+00
3.336746124294224236e-01
5.024692372103602978e-01
7.696191963870426811e-01
2.278681670645716362e-01
3.412708229846158070e-01
7.314274980899615475e-01
5.011928039475030960e-01
1.714375407359746417e-01
7.019685731654181637e-01
1.200194826977082074e-01
1.250475116515083140e+00
2.665315428580847246e-02
1.144579286695181608e+00
2.963351449739483681e-02
4.091646011106708780e-01
3.117765936563202667e-01
3.734861766771804259e-01
1.500068278630479313e+00
1.646213169736047144e+00
6.196821684212894255e-01
7.465843901987438969e-01
1.676773851269869609e-01
1.457763334201057914e-01
9.967279054880450184e-01
8.412064772673789603e-01
5.145884392909897409e-01
4.037323054230278901e-02
3.608129575335912720e-01
7.970865095152436242e-01
1.583962072261836385e+00
1.199815128524102992e+00
1.195889626869311551e+00
1.027718441561825680e+00
1.297875602831618513e-01
3.364796584920728417e-01
3.864479812826489891e+00
1.011837113161139445e+00
2.872947201273141071e-01
1.232433180335700706e+00
1.021649380633260940e+00
6.313990940851547107e-01
2.212940627674037763e+00
1.842436529313242533e+00
2.976129249555027112e+00
1.892116755816962925e+00
1.289938377848411033e+00
4.486241103408425968e-01
3.360548398625664013e-01
1.494326109168312877e+00
1.162572603545652061e+00
3.716686782754827223e-01
2.178726051395627472e+00
2.353579675391898274e+00
3.855583404320361840e-01
4.941596551632691514e-01
4.975194646481365446e+00
6.468693771836105944e-01
8.725143368020609191e-01
3.685395318302862183e-02
1.544157110222963203e+00
1.113918263110628804e+00
2.595460562569659402e+00
2.524071891370187060e-01
2.173731082831132644e-01
6.881070084878410098e-01
4.813066510410233256e+00
3.094135315522946184e-01
2.952452265053249203e-01
2.466445344600269596e-01
9.428700040005184579e-01
1.370667059759151374e-01
2.299199245124283308e+00
1.353912706564412982e+00
1.246804626108825254e+00
8.329707261399581231e-02
4.042467570071756278e+00
1.582607380215497739e-01
5.307998752037488277e-01
6.738250727462288259e-01
1.542737333008086242e-01
6.356640647510541919e-01
1.514341088857949214e-01
1.298709231866165652e-02
8.842410121643156096e-01
8.650738699297270129e-01
1.686158952826998902e+00
2.191830420412761975e-03
1.028734802063045795e+00
1.785114090254999120e+00
1.612369471710665580e+00
6.514729922375963600e-01
7.398024324151192266e-02
8.157070672055337646e-01
3.411329508813330857e+00
1.710680288928825288e+00
7.710161928276398902e-01
4.565142369795906596e+00
9.550983827999662834e-01
3.172414519387697140e+00
1.463467974618702705e+00
1.831680378328664816e+00
2.270020517490348499e+00
4.597320933331744408e-01
4.325022018626087927e-01
3.559105025027759495e-01
8.052914909997352932e-01
4.951364762416164411e-01
3.764614714523755734e-01
2.060520140018460289e+00
4.645762714167604446e-01
1.091689395507329463e+00
2.168570947419141692e-01
1.351377922840052204e+00
4.182122554380305890e-01
7.088013830024896267e-01
1.106929134497714795e+00
5.288347788511713610e-01
9.376741833352131295e-01
5.661070555008640426e-02
1.540308307214038053e-01
9.850694727669645490e-01
1.109889871875917366e+00
3.994522462889456005e-01
3.375121110215924425e+00
4.854157427424806159e-01
2.421100614649160043e+00
7.301546900057011014e-01
2.196667562647153793e-01
8.155817446585941211e-01
7.871532410624747511e-01
4.593113879367202723e-01
2.821567238706064740e-01
8.127849516107390926e+00
1.441287647222575075e+00
4.611597447223644286e-01
1.664602442616599509e+00
1.256488110735171748e+00
6.817585311488719713e-01
2.882054077111549262e+00
3.270379264777836248e-01
7.232145894692243449e-02
1.663622129983618469e+00
7.719321608321096095e-02
4.693393175049226373e-01
1.928677053366882888e-01
9.447496145361264919e-01
1.559077803206540269e-01
2.918427122603314050e+00
1.282433551994797805e+00
7.829146876678605427e-02
4.245376309797339154e+00
5.424781686288349114e-01
3.378852426041654589e+00
2.563789251593552532e+00
1.963825586858095607e-01
5.578362968518287834e-01
2.454634126514604053e-01
1.348411488002956016e-01
1.166763822943572976e-01
1.092617751055223074e+00
8.133898926658574835e-01
1.106992209229941959e-01
2.550936317231760828e-02
1.717447942718214049e-01
1.106945565003455867e+00
6.109504535936591818e-01
8.040796902254283562e-01
2.562351710359146217e+00
1.927197055086140365e+00
1.832976254894169710e+00
2.372977777409591926e+00
3.906642655716197066e+00
1.390099715803525315e+00
1.248769190925764633e-01
5.383340725241780866e-01
7.612260768078308315e-01
5.488461411412731694e-01
2.598242488728260913e+00
6.106923633824914432e-01
8.116856209039008396e-01
3.108239473357843785e+00
1.277863359355354778e+00
9.834471142241750785e-01
3.572668146310792547e+00
2.282585290858444305e-01
1.640861152171287085e-01
5.347561587436676644e-01
6.569640646932253247e-01
1.166368917021563867e+00
2.449065983630831056e+00
4.310987672705874019e+00
3.437653806819909175e-01
7.759903970064911671e-02
1.288339287005538569e+00
4.765442850691152810e-01
1.571544498963141911e-01
1.360255274122303515e+00
3.579660782659594975e+00
4.029797422075721558e-01
1.612961877998977389e+00
3.971263211045093500e-01
5.999769678830547959e-02
1.265474698118734531e-01
2.386739032098299074e+00
8.724867774128701736e-01
2.162507787889369759e-01
5.081959506230953050e-01
1.459964508834264985e+00
1.584490744359998038e+00
1.994757222046812162e+00
5.721443092623473836e-01
2.241537372507589332e+00
5.278073059858155724e-02
5.491298690799386595e-01
4.576111484216981440e-01
3.564041610644009261e-01
3.773339215832047233e-01
5.387567557152656006e-01
1.563723987715250618e-01
2.057589498431243169e-01
6.810367993039629919e-01
1.561307680288886557e+00
1.332287719858138431e+00
1.164486049182531735e+00
1.912860800472415246e+00
8.599719076675413909e-01
1.757915625744510824e-01
3.692645462384322563e+00
4.060486092727313978e-01
2.783632617807604515e+00
1.013976892008084052e+00
4.861559503465414656e-01
4.872944823595953129e-02
2.552471747579018735e-01
9.620520815090074507e-01
6.089519475452835895e-01
6.094183357219201680e-01
2.055746952454737375e+00
7.931117245586108977e-01
6.903464931882553890e-02
1.860030131094784489e-01
5.162943585130513879e-01
1.106771723680046282e+00
1.437356921942605226e-01
8.495404445226269197e-02
2.030129559075609880e+00
1.019695741276050560e+00
3.389379518068889596e-01
1.228233462770385698e+00
3.612919530845159488e-01
2.015406514680427030e-01
1.238591072371819202e+00
1.012530870936231064e+00
6.851027341177010621e-01
9.749642162279976709e-01
1.131599773784664892e-01
3.954062406048327039e-01
1.071482284469664092e+00
9.947941386466448987e-01
3.134899843716386081e-01
2.017803076085538105e-01
1.269248345722225668e+00
8.600540436451455939e-01
2.016204320919597892e-01
1.950552954736961109e+00
6.731044346904305753e-01
6.069547865801460107e-01
8.324895186648161305e-01
2.230277994980141010e-01
9.371671375874417453e-01
2.705045225022614797e-01
6.469659548131039273e-01
9.005384267465786630e-02
1.718421417721599287e+00
2.898343624407533417e-02
4.927431124988915223e-01
1.480265152410272345e+00
5.118147701055346666e-01
1.308275543131920182e+00
9.390357397094186709e-01
1.451329501080064199e-01
1.520342568099440905e+00
1.634358731617122862e+00
4.749750885156134306e-01
6.950843552156269478e-01
4.215432528927595679e-01
1.576965538925708232e+00
2.686505131125373480e-01
1.100133101468733221e+00
4.421367152371577625e+00
1.768180949866405768e-02
2.341471400476958231e-01
8.729753839515850267e-01
1.075306799185369533e+00
7.913423812247188938e-02
4.540708109124268477e-01
4.730388723553042296e-01
9.186710283081125361e-01
1.022977709918060807e+00
8.617027286655817298e-01
4.993559240363438373e-02
2.461848465043392942e+00
1.170594150356960711e-01
2.927801446604236801e+00
8.396252755105748644e-02
1.344270506811378052e+00
8.540999519066578838e-01
3.254568067420919864e+00
5.236371650073976536e-01
5.432746601580705770e-01
2.915071236081149930e+00
5.530882366541222117e-01
3.198934498992946351e-01
4.306243421346302863e-03
2.503755440612485672e-01
1.527279357405797455e+00
2.092373353889678267e-01
2.184703766992378837e-01
2.249122571883439115e+00
3.068383158756001539e+00
2.108473325704807610e+00
1.591921267620336922e+00
1.079489636934422903e+00
5.432618467093575099e-01
8.798566690646333344e-01
1.756806513849895390e+00
1.850806010656307621e-01
2.087454754928526057e-01
2.264091145977037201e+00
5.335017269420436747e-01
5.764702199415342454e-01
2.320615611544517842e-01
9.313313479001439354e-01
5.248735008101765853e-01
9.322992581442299809e-01
9.931051845138250123e-01
8.431894348618743651e-01
1.106854800400301375e+00
1.006769913288204199e+00
1.106578239289138121e+00
7.770584773748022700e-01
8.181983608373756267e-01
1.745424284105052126e-01
8.980690424789376141e-04
1.027550871684941969e+00
2.097934661030433467e+00
4.021729559757408756e-01
8.008070271253178718e-03
3.306578729399236583e+00
2.783983127081317011e-01
1.277889747641532958e+00
1.052444758409371017e+00
5.327269042210490690e-01
7.750465018871913747e-01
9.207126216785926909e-01
1.216420114535809116e+00
3.615933735557415596e-01
1.510391518791090792e+00
3.510807396127930136e-01
3.719398405709436473e-01
6.757366025251285713e-01
7.968007865280963831e-01
2.084748299486839929e-01
8.208422939412794994e-01
1.570425074438935309e-01
3.979700050724329419e+00
2.452478189397483063e-03
7.534234223392808349e-01
6.996299692143717608e-02
3.934082866604451945e-01
2.533400601719424383e+00
5.927870346535268897e-01
7.106906497940725098e-02
1.384847000915125692e+00
1.233704749562756664e+00
2.572308511625219229e-01
4.181609187335253996e-01
1.982500713295984596e-01
9.589177553847373636e-02
2.693568503033813566e-01
3.314690040754780576e+00
4.409935089627130544e-01
6.396217138622595222e-01
2.447117685046563962e-01
3.598680383603857780e-01
7.029083122285659790e-01
5.433215776072952696e-02
1.408167414184873900e+00
3.023714680360700680e-01
2.785605844996057456e+00
4.029657817870869740e-01
2.054628659125022239e+00
9.877743053733591960e-01
1.614542707414051226e-03
1.356633223338549632e+00
2.932120892781593824e+00
5.354899792822693794e-01
3.206564021108024853e-01
5.911570899196629814e-01
1.866339577546468065e-01
4.290789973325789264e-01
1.027230648702484705e+00
6.651411051509811267e-01
5.501257586478891515e-01
2.695680851769210462e-01
4.015255985691074114e-01
1.109900198843293273e+00
1.800466363139531512e-01
1.086919989997719771e+00
5.762773058580117347e-01
1.615909806678796468e+00
6.898214631374592898e-01
2.752599258364250845e-02
1.375407690375665126e+00
6.661132358178968593e-02
1.526034109324307497e+00
7.631134650419170162e-01
4.357120385787284889e+00
6.713271768647405269e-02
8.340199506880301150e-02
3.276310271332841806e-01
2.952868205906930901e-02
9.766391511121420566e-01
5.137802792759048609e-01
9.053164064223360175e-01
4.783089471692463790e-01
8.887915393145529031e-01
5.649627469023844606e-01
7.149374448925611969e-02
3.842207881043749884e-01
1.262398907168539752e+00
4.288924698554787418e-01
5.264287494056083677e-02
2.214424056346059877e-01
1.251476279415795756e-01
2.616220801104069960e-01
1.314780656467344100e+00
1.634932941356589620e+00
1.320359311443561889e+00
4.057378680476029231e-01
2.647339721969425574e-01
1.032615651127566370e+00
1.071129880337599455e-01
1.622593161436284293e+00
5.850026639609812174e-01
4.266956880211453806e-01
3.514946755641274456e-01
1.365390191934140740e-01
3.903546420056204780e-01
7.040401765592658734e+00
2.944026151236362465e-01
1.427805340628256481e+00
8.575065525023113366e-01
1.386239656364493200e+00
1.822296256058772768e+00
1.657700187330282127e-01
1.499571514208947742e-01
1.838324448254175625e+00
2.953241741090375516e+00
2.022307748765451940e+00
