1.024228055378507252e+00
7.047109736523993195e-01
9.181228557268692470e-01
1.078956733921440092e+00
1.068289126782551168e+00
1.328007798069763101e+00
9.355294159983988944e-01
7.293388665981483943e-01
1.154043390995312723e+00
9.652446299751225034e-01
8.098121596467382499e-01
1.023496170951436524e+00
9.604870581586026912e-01
1.010462355451593019e+00
1.292708462787554247e+00
6.822497246675440774e-01
7.165928410281510175e-01
1.074477726316762194e+00
6.875800884821370307e-01
1.245328087952198848e+00
1.083596554156164293e+00
8.772648769040177763e-01
9.034583325992393554e-01
1.038688386045913514e+00
1.043790145670497660e+00
7.412946082310623019e-01
1.236243236424882763e+00
8.419161828781689394e-01
9.098737134210442834e-01
1.085088273678337600e+00
7.631617362184408560e-01
7.210847486831210018e-01
8.704864864336223640e-01
5.974049774469755159e-01
1.007887735465073931e+00
8.210846750130592619e-01
1.173386351146392670e+00
1.093723718035192416e+00
1.400070621519175607e+00
1.193333043747722311e+00
5.328188453831183002e-01
5.505825678650995147e-01
8.912209480549391216e-01
1.103408838244638979e+00
7.632649259502782835e-01
8.952395538571786826e-01
9.362188672810789480e-01
1.983224514467548882e+00
1.128306843511179602e+00
7.031871944504853866e-01
1.128725874010933161e+00
9.768107541476248601e-01
7.748646917866038875e-01
9.439697583335198150e-01
1.395243052730391398e+00
6.056334026284868610e-01
9.004432203990864192e-01
1.005443413900889871e+00
1.132996951048821144e+00
8.785460779541970355e-01
6.477610354955539718e-01
1.062565321305875221e+00
9.898730253138942059e-01
1.423178112595457012e+00
1.029316587080114642e+00
7.463029606171635022e-01
9.493972185824596233e-01
9.344311857087592710e-01
9.023544828110614535e-01
5.850256563934728149e-01
9.951079388562436012e-01
1.395841090308861610e+00
1.435718756141560748e+00
1.103821900979854220e+00
9.519996716338134934e-01
8.901271841273539209e-01
1.089652365084728070e+00
9.970198672211810775e-01
1.127788964721911258e+00
4.342838240045377995e-01
9.682282061286207053e-01
1.218431380888852722e+00
8.179155494055473374e-01
1.103803925786565943e+00
1.601411243876987633e+00
9.452254845002755479e-01
1.029032072763450545e+00
1.047973070676964102e+00
6.257267396002292870e-01
1.217980487054437955e+00
1.130484083493927150e+00
6.478440714363565833e-01
8.591951851229993053e-01
1.305927578562293467e+00
7.936650684606110229e-01
9.663862448493132362e-01
6.186504684303042456e-01
1.139646736648520564e+00
8.671169754110161776e-01
8.533910536183114681e-01
1.145859931628347761e+00
1.049975647947038793e+00
1.020439778936533592e+00
1.974262283243757299e+00
6.310375128507160758e-01
6.468277427443442917e-01
6.937256095650334853e-01
6.573730335831072802e-01
1.106454427355934689e+00
8.637646088467165750e-01
9.715714830906675425e-01
8.202213088887305714e-01
1.105005405706345645e+00
7.476684908067706692e-01
7.796209866006001965e-01
1.228922065669476815e+00
1.199278773348791738e+00
9.709630751075082333e-01
1.435400204266047863e+00
1.771464653898914055e+00
1.207300561438156006e+00
1.312517674773326481e+00
8.644541723387714205e-01
1.096672033406459246e+00
8.704274900608308663e-01
1.146318856178725198e+00
8.133112768435113438e-01
1.126742476545483429e+00
8.853372993602859342e-01
1.068307311987330532e+00
4.777565534812071579e-01
1.122007290151087577e+00
9.285625789581198886e-01
9.762035965206031785e-01
1.554470264515880773e+00
7.754947589951353137e-01
5.174702228459855391e-01
6.255635548188264172e-01
9.771156285833788591e-01
8.566752791889093999e-01
9.542074961833524327e-01
7.732030884520654235e-01
1.266113146107500365e+00
6.112917188906560328e-01
8.186477699424777876e-01
8.627539453395617342e-01
1.206587599540120070e+00
7.673848742322314509e-01
8.710540540973756851e-01
1.314263582993447699e+00
9.348133920200702995e-01
7.774134567355572845e-01
1.019422624769422692e+00
1.020367783530217620e+00
7.487537778514148368e-01
9.155367293327750788e-01
1.031948504556682744e+00
1.285296593589655645e+00
1.347908332247485186e+00
1.297790735861478417e+00
1.019852257008559526e+00
6.839241055529957647e-01
1.118503625532865087e+00
8.372516139385063338e-01
1.452468680989937422e+00
1.372947400859848344e+00
1.143206986881631693e+00
7.587063135484783949e-01
1.389210256181079295e+00
7.784953567125861840e-01
7.573826505339658066e-01
1.002902446269181791e+00
1.350967393088368551e+00
1.100054797054083267e+00
6.826861195433934215e-01
1.100679214821685736e+00
1.566598434247432614e+00
8.084463180802579085e-01
7.801009719165902245e-01
1.070807184888386665e+00
1.395821743909941404e+00
1.208580577505436793e+00
8.972059722878567012e-01
1.243243377550570683e+00
9.206878197503208794e-01
7.009034522392977307e-01
9.560894362305727423e-01
1.120086365548051299e+00
1.451814603775927637e+00
8.034196610416569628e-01
5.511011050181289228e-01
7.974406061952108438e-01
1.112471099357859039e+00
1.203140801118906200e+00
1.174049399567508090e+00
8.300797177134893179e-01
1.562248409862982079e+00
1.294644940889269735e+00
9.503411057920461147e-01
1.366507161620801103e+00
7.209900941799172180e-01
4.510950096493392403e-01
9.882156838519979836e-01
1.263024369997607366e+00
7.899904629798912836e-01
1.431867568821847403e+00
8.593182295139943916e-01
5.216509019609337772e-01
1.199086546377098550e+00
8.215598892670975539e-01
1.223803234968510179e+00
1.599174689773081859e+00
1.336884917472671575e+00
1.010217612103854634e+00
1.103982180721092332e+00
1.069098546543781669e+00
1.277439485565916133e+00
1.192193861843960256e+00
5.138091535488598094e-01
5.234960035224228703e-01
1.057725538653178532e+00
7.167086310382778658e-01
7.842442709329394690e-01
1.420312124685579436e+00
9.904750988845147930e-01
7.213056499121277554e-01
7.089468243968896077e-01
7.887821016870969482e-01
8.816526853883122072e-01
1.241795025267061092e+00
9.990609834686567936e-01
6.691798924570042661e-01
6.796805407455797088e-01
9.387465261075089717e-01
1.277264021820153861e+00
1.575162946285777688e+00
1.180540674119534117e+00
1.132190792551158731e+00
7.307284379664132912e-01
1.867152842549355096e+00
1.036907896743539004e+00
1.286237278890753677e+00
1.187252652435781153e+00
1.255894094932464622e+00
9.471808093344346036e-01
7.802595449975946451e-01
1.033676269729886688e+00
7.463338756964921217e-01
7.271696115353789569e-01
8.290107574120899603e-01
1.184887279649654790e+00
9.337534572998889004e-01
7.143164195612060619e-01
6.626504857257315972e-01
1.233770609101539018e+00
8.946627681608687599e-01
1.037806752868989602e+00
9.215782773497059877e-01
6.234845382433014116e-01
1.157699235873072219e+00
6.425950577881525128e-01
7.386738877996795738e-01
1.234600677639867472e+00
8.065921902515774677e-01
1.141422695074129745e+00
1.044420812747066218e+00
7.595989396220244050e-01
1.167937226901968106e+00
8.875477886871678823e-01
1.629401026071331415e+00
1.225487216419635095e+00
7.835465064442359573e-01
8.285725190694178677e-01
5.133941515849226311e-01
1.310827747079603478e+00
9.133156318232448223e-01
7.822451460014731017e-01
9.072751028388933436e-01
9.313389480920599706e-01
9.269969296979778672e-01
5.425566845665311666e-01
1.144699332418548821e+00
8.129140444543869748e-01
9.883120067855478696e-01
9.466049775221854201e-01
9.348096069245327433e-01
1.001327868643200558e+00
1.061665043372014061e+00
1.060525777643235301e+00
1.280444968684754548e+00
1.214843704528425716e+00
7.465487269412729443e-01
8.166127233491646820e-01
1.279866016476104207e+00
1.389372358555417408e+00
7.448747708421664671e-01
1.010815606696008784e+00
1.159899929303033650e+00
1.197087831358893517e+00
6.740688161368421083e-01
1.076437277763039546e+00
8.657911146528339819e-01
1.023005329554441900e+00
6.676883665010254765e-01
7.822932441813151838e-01
8.134081160680448619e-01
7.017878683337899215e-01
1.222901935353447822e+00
9.609480520204778387e-01
1.312985094732814773e+00
1.331448405140228886e+00
8.978184743736058460e-01
1.085532867828100434e+00
1.012293192014515286e+00
7.231623757224888704e-01
7.076255906320130240e-01
8.709108663593061461e-01
9.832909845783655012e-01
6.347549364061375599e-01
7.898653290446180364e-01
1.315272367716804780e+00
9.675456117958992630e-01
9.528515420410970105e-01
1.247760940295462362e+00
1.175616470137160530e+00
8.481659689732301555e-01
6.857974303521101600e-01
1.146410995454300252e+00
1.010776419456506092e+00
1.292579822928295652e+00
8.397359908098080972e-01
9.613226815825153260e-01
5.621354520537475974e-01
6.373300078022736681e-01
7.831108709458111106e-01
8.514938408269006054e-01
9.176729385318991294e-01
1.191620518855057043e+00
9.677718052350178235e-01
9.394254740820288108e-01
8.981721432947558093e-01
1.065290367200109944e+00
8.179815526241968060e-01
9.739661240427691657e-01
1.119454419444971149e+00
6.744272076247489478e-01
9.448560631490684480e-01
7.248546481752652371e-01
8.744692185194327116e-01
1.043215165839674885e+00
9.681610534070063112e-01
1.272286191531885269e+00
1.326207685601236586e+00
8.019612621624105930e-01
1.055717111732478397e+00
9.824155556365663511e-01
6.331650012092189250e-01
1.117482702228608460e+00
1.038500259601689013e+00
8.077940792803807168e-01
1.097201357817509049e+00
7.985903713670439164e-01
1.637888410279273232e+00
8.191705023618506276e-01
1.201417291917465935e+00
1.048087520361451919e+00
1.000904032713851421e+00
5.545811238390232489e-01
1.197466712182428061e+00
8.584037952817232808e-01
5.809033956547107191e-01
6.631233691951964326e-01
8.375215424524645735e-01
8.127528173117771759e-01
8.296857798899316405e-01
1.517469904185668739e+00
1.303236876964512181e+00
1.243826764033843624e+00
7.288928869717882231e-01
1.357450886571789805e+00
1.022220010152222969e+00
1.169455182373899227e+00
1.084661701157354274e+00
1.194593842869949629e+00
9.657755094824925779e-01
8.125405861478990355e-01
8.267045955461544970e-01
1.026275177136525718e+00
1.671923534061275474e+00
1.539499930821509377e+00
8.493236527425719329e-01
6.844336594627717929e-01
1.073388733072331958e+00
1.194402601028946798e+00
1.505575132300131624e+00
8.208653972587984793e-01
1.219313208460847342e+00
7.516437366436037326e-01
9.037558959624705235e-01
8.177773417944824708e-01
7.870250927964839160e-01
1.384825611418632141e+00
1.010365809915813484e+00
7.992340641165986970e-01
1.599694173384470064e+00
1.146250377983141666e+00
1.317003973409186290e+00
6.285788662260985982e-01
1.239923031894767602e+00
1.225071364310424959e+00
1.135681149043670235e+00
9.802012425566789533e-01
1.903050952906633952e+00
1.510822837903302629e+00
9.561543484572255780e-01
6.518130755646089902e-01
1.312966445009062122e+00
1.038492545576640724e+00
1.265795825284502740e+00
8.650853326983547475e-01
9.432507256921832672e-01
9.858065743019753802e-01
8.858305514724303942e-01
7.621311552118252841e-01
1.136843572506597067e+00
9.215988839889350803e-01
8.711041678313300451e-01
8.147513500728603697e-01
1.214550246410903034e+00
1.277430611330935939e+00
8.406192690266208745e-01
4.660033259413545181e-01
1.285666793668336805e+00
1.230690036559310752e+00
6.363338709710524288e-01
1.075830468509145099e+00
7.527621596916111990e-01
9.923836603362156117e-01
7.163253028133231837e-01
1.125267441071151397e+00
6.446357077780232592e-01
1.243821070843652343e+00
1.055803433864293428e+00
5.323331244969964349e-01
1.319648172206307590e+00
1.393766067966254685e+00
1.151088324353491732e+00
8.972184515662716686e-01
9.955207706623847574e-01
1.143587043508510925e+00
1.012323220039684779e+00
6.070804510611973459e-01
1.199743622200764248e+00
1.104947730970335273e+00
1.109819788705153965e+00
5.201751834110295292e-01
7.029098487553671060e-01
9.708820960547099865e-01
7.031730187794351661e-01
1.071699501919367581e+00
1.142842754450525966e+00
5.353433219510635999e-01
1.019284476715976995e+00
1.153758804208699695e+00
9.728976678098566477e-01
1.242143596116682458e+00
1.062916189535809686e+00
8.446121304777882699e-01
9.456637649042017868e-01
1.599607186075173271e+00
6.884847393157067508e-01
8.800739904664984792e-01
9.252899634948117402e-01
1.477006939586397616e+00
9.950301568346962000e-01
6.926912726380786145e-01
1.133987682152943988e+00
9.375853149874893155e-01
7.538915240438273102e-01
1.131036526240099205e+00
1.279970295579041961e+00
6.782063613133195723e-01
1.628131095479002477e+00
1.585020155692157928e+00
9.600874078856517224e-01
8.977986636523264119e-01
8.436029527112386406e-01
1.911428580080929862e+00
8.549127114159380536e-01
9.701158955636401959e-01
1.114864370648017244e+00
1.067900670068985036e+00
8.367716150271313769e-01
6.980029040011596075e-01
9.922273575180313721e-01
1.428841160690797585e+00
1.491715259672581118e+00
1.579125750322733168e+00
9.476910335764393567e-01
1.357765843858111943e+00
1.216788592766212318e+00
1.080798934444655135e+00
5.965424273255560683e-01
8.265093571081967294e-01
5.685278272075958705e-01
1.167163023331486693e+00
8.287475977015802409e-01
8.045855448745199423e-01
7.245108932325724505e-01
7.532454966726922496e-01
7.102129273704658186e-01
6.877989735450061870e-01
1.631027806317575823e+00
8.710369696629522984e-01
8.174442512721497023e-01
1.213820570948698441e+00
1.537913728223155196e+00
6.395692313752820990e-01
1.052408023337776388e+00
8.404936206428788026e-01
6.486394208762706892e-01
7.579574487550463369e-01
8.036307624342409195e-01
8.544941579852476377e-01
1.022227838891829999e+00
6.604147852948870634e-01
1.318437440242106184e+00
5.350073401029337150e-01
9.736169129583038817e-01
9.780960932336195679e-01
7.912572032758589113e-01
7.263041837591249772e-01
1.185347598247610490e+00
9.317634396147571607e-01
1.174162032760861951e+00
7.176463038009925910e-01
9.276440965588856891e-01
5.766675066563065055e-01
8.357513989744599359e-01
6.107820703048595368e-01
7.423696630174112521e-01
1.035741341064614796e+00
7.613383860863001118e-01
9.907507519808945728e-01
1.196759506493400238e+00
6.826433158793724365e-01
1.786283684897699064e+00
7.587420134048890041e-01
1.187579122607215654e+00
1.505455653799129934e+00
6.757116034052934594e-01
1.486561476689344019e+00
8.651869451648055431e-01
1.309714943571022916e+00
4.917445480771806543e-01
8.621629962176311501e-01
8.812289954388190516e-01
1.130886303170663743e+00
1.011990317022042785e+00
6.715243059709350426e-01
8.245526274025917202e-01
1.118738571256917336e+00
9.176109996865930984e-01
8.880879579968897763e-01
1.454406267440174760e+00
1.023365647474330675e+00
1.042201808324850987e+00
6.487813291814679140e-01
1.021416199182400453e+00
1.347265637857718579e+00
1.253307377776365916e+00
1.028537458298517393e+00
1.015092703205771052e+00
8.657227926603976442e-01
1.265330439272732033e+00
1.334185711190194468e+00
8.074808660868963983e-01
8.891454862257400782e-01
8.514555366518805624e-01
1.418238101018822750e+00
5.536373172763620065e-01
9.824382020399219373e-01
1.493518935274279702e+00
2.005010425987104661e+00
1.340268107419197552e+00
1.445137670657532958e+00
1.423678419090687264e+00
1.318435952697273761e+00
1.001730241011197009e+00
1.005872989827854447e+00
9.596815169985015714e-01
1.135481464171889554e+00
1.188586243581724045e+00
9.258468529948238324e-01
1.364251040939936210e+00
1.093980362338228041e+00
1.279866085097129957e+00
1.157834164298125135e+00
9.020187124080999430e-01
1.195469359515830110e+00
1.376077238966267435e+00
7.496044078399594079e-01
9.227864204660121139e-01
9.178460713459616338e-01
1.104970873482867377e+00
7.908973304195094922e-01
4.717898467429187948e-01
1.089893418927054602e+00
1.053381067538167182e+00
9.366793447877865830e-01
1.422698571816297886e+00
7.647159507057016414e-01
1.308673937200179882e+00
1.566518134579716115e+00
8.692368672480779157e-01
9.132715946103103777e-01
1.351502598081938622e+00
9.722367231749274863e-01
1.421061495123446150e+00
1.294546625520615279e+00
1.155170341822966407e+00
8.761297157741343433e-01
7.719076468548611292e-01
9.019311587080288684e-01
8.187613044516945937e-01
1.665067690964927127e+00
1.027481018269408075e+00
1.210239078636911492e+00
7.054086986385865732e-01
1.716524789894167569e+00
1.341920984403909056e+00
1.055414092960585304e+00
5.274963675693929988e-01
7.612235417308451657e-01
1.099953671029680224e+00
1.192608478749078937e+00
4.816865868475222467e-01
5.470517006855873943e-01
7.131136698261604234e-01
1.077132601750973251e+00
8.827655930346813840e-01
9.031564186519541737e-01
4.804093188004088244e-01
7.736804274422149907e-01
6.221153013117080022e-01
9.686811655018177092e-01
1.280310999824722629e+00
9.359399729324626716e-01
1.332830917305614093e+00
9.659462525686857148e-01
1.061506753900795408e+00
9.183492609860283151e-01
1.048399415542045521e+00
1.115836517757669899e+00
9.094522213138355182e-01
8.581752437247693877e-01
1.039007136532892561e+00
1.040564185270808295e+00
7.729373990674361927e-01
1.184225990060148614e+00
7.379854123780678066e-01
7.806085900094873464e-01
1.071582337504056071e+00
9.282194711417801614e-01
9.547387142493655166e-01
1.087611014151510958e+00
7.691778504150111884e-01
1.068185214824510565e+00
1.074416726189369564e+00
1.099954757592885635e+00
9.821808469390751473e-01
8.791507972647110147e-01
9.682967193592939559e-01
1.494571072581518223e+00
1.028537047891190603e+00
7.173054883133416215e-01
9.119194255653522152e-01
9.266048179342140090e-01
8.822059277190219539e-01
6.425265967031859038e-01
1.086705686636680213e+00
5.408795520748803654e-01
1.180919208411635335e+00
7.275343932348019571e-01
1.327148524971924370e+00
1.890501394884346764e+00
6.675458210035177808e-01
6.065492326745816065e-01
9.260698371529589856e-01
1.634452493903094217e+00
9.322436233218200918e-01
1.430526017272036876e+00
7.035005351910834648e-01
7.829432204663621109e-01
1.009725661157058862e+00
6.084725638471913944e-01
6.576077812721419225e-01
1.134569119970249007e+00
8.585351396380183076e-01
1.611092540112664118e+00
8.236459330724317240e-01
5.670070378220943841e-01
9.016830298347480177e-01
1.452053202392794118e+00
1.195136729994358493e+00
8.258517314894593397e-01
1.404093586198970511e+00
9.764234376325231501e-01
1.346605805357285801e+00
1.066895690362222426e+00
1.179520058674534022e+00
7.529649459299928571e-01
1.374049346893231771e+00
5.123675138960093189e-01
8.907392879345990000e-01
1.370831035340635440e+00
8.474100028131024143e-01
9.668666026601051566e-01
1.015732095745356833e+00
5.976320737893514590e-01
8.845647351276804127e-01
1.607604321598486763e+00
9.151536256213661513e-01
5.691659454380118000e-01
4.036379888085770418e-01
8.750048194560736681e-01
1.134025339549935119e+00
7.944650647690807421e-01
1.366839284176453173e+00
4.239862586203484440e-01
9.405814967548264960e-01
8.060694459994961480e-01
2.743700194142099091e-01
1.118826392444671525e+00
1.063361183618387829e+00
8.952219302313668692e-01
7.302353450250498312e-01
7.334103796034308065e-01
9.777249132925202035e-01
1.089306309740506906e+00
7.063866843404826845e-01
1.133759447483615679e+00
9.775181401968292549e-01
8.036301667318640485e-01
7.410831185967085011e-01
9.928047134717137290e-01
9.188876300246585638e-01
1.710947928172935395e+00
6.936566381459349229e-01
8.043353202497129928e-01
1.094399108245828645e+00
1.064000526329464069e+00
8.222057458791409701e-01
1.597420715689799486e+00
8.761245077349398835e-01
8.750814690906568716e-01
8.010465538321448475e-01
7.382245229234691841e-01
1.237513352550376533e+00
1.258811030707707168e+00
5.693581891462839994e-01
9.965724131412663223e-01
8.452186006607440572e-01
9.508496941750548270e-01
7.604558206139430121e-01
1.063567635097655950e+00
7.389773100076422185e-01
1.037283959240562714e+00
9.714976883501986737e-01
1.175660841793300770e+00
1.199624118382188076e+00
1.362407553184415310e+00
1.676594298983998144e+00
1.117110728591318658e+00
6.257439009267927732e-01
1.002029195278629770e+00
1.050185145677354770e+00
8.760061027165625402e-01
9.654803266161213759e-01
1.097232514930255531e+00
7.996635161962400984e-01
1.089677821290746085e+00
9.765476094662496331e-01
9.755251779364100262e-01
1.209153022270770261e+00
1.126651594652293031e+00
1.179778333173475247e+00
6.479484901371778127e-01
5.720477187833692412e-01
1.176894391853704702e+00
7.815268232290732975e-01
1.285686435009430362e+00
7.285542354247561692e-01
1.058153922806169600e+00
1.155881200794659502e+00
1.667240358856358462e+00
9.190458589403578404e-01
1.198316599125945459e+00
9.820110342030393680e-01
1.431693127081665740e+00
1.023417577461376293e+00
9.758333754034648200e-01
8.638640716757475246e-01
1.075643507998755188e+00
9.279691529456375321e-01
7.262392977968127328e-01
7.254544800801843163e-01
1.064180194318908645e+00
7.303513913834569493e-01
1.091026413505499448e+00
7.486126068042658899e-01
1.020806960640895600e+00
9.183084447347175105e-01
9.419526030658145199e-01
1.515360779561586879e+00
1.326178816283985151e+00
1.206905588653764738e+00
7.788902898628570215e-01
8.955495097248911129e-01
1.176401898015326131e+00
7.464794403660910405e-01
1.026457307037954125e+00
1.064217743796076254e+00
7.373160264370614003e-01
6.095749836888634254e-01
1.096102605076624270e+00
1.399721785858688339e+00
6.628512272245841164e-01
1.224561513543690472e+00
1.842291787409990445e+00
1.141639788027557056e+00
1.076870565230063637e+00
1.342042016290497797e+00
9.350397576590683268e-01
6.142171269538909684e-01
1.051235173290866243e+00
9.449126343423784880e-01
7.476738807707192791e-01
1.004869259406709237e+00
8.322538996367159214e-01
9.681990699884950313e-01
1.167878277604629700e+00
9.808285381170351869e-01
1.018082723125981914e+00
8.299370504762939582e-01
1.098050785513873251e+00
1.316609307409428498e+00
5.731740788927632835e-01
6.953975744264333514e-01
1.329749357160746825e+00
1.441872595030790460e+00
7.421504165965530087e-01
1.140737233837152420e+00
8.129532757932345088e-01
5.421874841960594438e-01
1.131905065002914768e+00
1.077804437173985663e+00
9.097981888822223029e-01
1.092671671041890002e+00
7.392164648725499942e-01
9.113666396497015487e-01
1.111788620056525678e+00
1.132945161244573118e+00
1.133859952982480213e+00
1.352245110429133312e+00
7.083171682409312719e-01
8.010088904630671136e-01
8.478675165049229800e-01
1.282037613752206706e+00
1.472342908319813404e+00
8.921739232843178824e-01
1.156944448766451750e+00
4.293906074320987254e-01
7.014201100654343657e-01
1.089343088070769294e+00
1.437372070216750730e+00
4.586274493639099781e-01
1.211287113801856385e+00
8.551915872491917536e-01
9.226954333694139532e-01
1.155877104859353466e+00
9.811942535721406289e-01
9.529125463886709557e-01
6.115975572343133049e-01
1.053542427258473024e+00
9.378393539359866082e-01
8.110784305548509598e-01
7.158990696930354058e-01
7.735233765017133223e-01
1.108684755657010523e+00
7.861042114605186759e-01
1.012365533908708093e+00
1.310446450492821047e+00
1.132496628243145009e+00
1.273962887763419705e+00
9.683303553671922526e-01
8.267775102051521108e-01
1.037719355336153226e+00
8.205381870237190567e-01
8.963395296284091263e-01
8.645789178118969964e-01
8.233937261600622337e-01
1.531271072911346121e+00
1.329033796200985273e+00
1.247283605238082682e+00
8.005833195507049416e-01
1.060495415481374604e+00
1.122183381081841125e+00
8.988680486642870449e-01
1.460285754163376692e+00
6.948314341651128379e-01
1.075063580693802923e+00
1.097704299284061324e+00
1.084465834758357339e+00
9.412552425149807167e-01
1.209185812702098461e+00
9.342689054163888507e-01
9.287953172037630711e-01
1.037187898995578283e+00
8.531239618717079143e-01
1.676507027183514298e+00
7.250135282655688629e-01
9.308875498704365370e-01
7.842261390120216502e-01
1.498486170493282366e+00
6.792198438819643247e-01
1.436178322368955484e+00
8.397579933830987553e-01
1.176628816177072379e+00
8.720614768762792179e-01
7.199673773966459578e-01
1.084660399017122190e+00
1.347042611102273302e+00
9.825370397085677610e-01
1.308776892673120251e+00
9.998504787457775933e-01
7.793094159179505542e-01
1.708071502452264134e+00
1.470251358394370378e+00
6.798053958497347615e-01
1.185399270143760120e+00
7.531398583674040470e-01
1.236514736013552884e+00
1.312460283885695134e+00
1.479470671825218187e+00
5.849178495927147559e-01
1.177739708755512815e+00
7.618792730972876459e-01
9.821343068665397968e-01
1.256766174578473949e+00
1.083677432265955476e+00
1.110073354984240535e+00
9.545060847242076152e-01
1.493303096136668451e+00
1.143354412261312625e+00
8.681093346367585450e-01
1.422242092251978507e+00
5.756612206026361367e-01
1.248219327018601499e+00
1.103073043321682212e+00
9.474860979456710686e-01
1.151515879002177556e+00
9.711513580731248041e-01
1.418823248431149375e+00
1.502837752406918304e+00
1.229701010299102615e+00
1.010062907200446558e+00
6.259070978923616524e-01
8.420797667403124853e-01
1.053877971610755360e+00
7.674622967455720923e-01
7.850596662908485568e-01
1.413378574206134441e+00
1.282994314927619950e+00
8.364396822675679299e-01
1.259803225096234103e+00
1.019150816275364857e+00
7.876110001234568614e-01
9.497605926863977865e-01
1.059439307052604917e+00
9.022081252371698668e-01
5.795753406606538594e-01
9.891200157868700327e-01
1.129655850243022730e+00
1.215843126520882667e+00
7.473854708640632616e-01
8.279017255978747825e-01
9.563478658971773516e-01
1.039664748070829203e+00
7.147043317313307442e-01
4.639685730013713982e-01
4.030957330650918879e-01
6.849702065703099363e-01
1.003532526426835325e+00
1.058195580038401085e+00
9.542259753298609759e-01
1.026170576299800352e+00
7.434548216847646218e-01
8.751201617930386423e-01
7.361368648006835214e-01
